text,label_ternary,label_original,dataset_name,label,pred
জার্মানি মানবাধিকার এবং আইনের শাসনের মতো মূল্যবোধের প্রচার করে যা বাংলাদেশের জন্য অত্যন্ত গুরুত্বপূর্ণ,1,Neutral,banglasarc3,1,1
নিজের যোগ্যতা থাকলে মেয়েদের অবশ্যই কিছু করা উচিত দিনশেষে নিজের টাকায় চলার একটা আলাদা শান্তি থাকে,1,Neutral,banglasarc3,1,1
প্রতি দিন সকালে ঘুম থেকে উঠে এক লিটার পানি পান করা আমাদের জন্য খুবই উপকারী,1,Neutral,banglasarc3,1,1
বৈষম্যবিরোধী ছাত্র আন্দোলনের লিগ্যাল সেল একটা উদ্যোগ নিতে পারে একটা হট লাইন নাম্বার চালু করতে পারে সেখানে সারাদেশ থেকে মানুষজন তার আসেপাশে থাকা খু নী এবং তার দোসরদের তথ্য দিবে,1,Neutral,banglasarc3,1,1
বেডা মানুষ তো বউ থাকতেও বিয়া করতে চায় ১ ঘন্টা তো বহুত সময়,2,Sarcastic,banglasarc3,2,2
বর্তমান রাজনৈতিক পরিস্থিতি থেকে বোঝা যাচ্ছে যে গণতন্ত্র এবং আইনের শাসন ধরে রাখার চেষ্টা অব্যাহত রাখা প্রয়োজন,1,Neutral,banglasarc3,1,1
বাংলাদেশীদের থেকে শিখার আছে অনেক কিছু চুরি চামারি জালিয়াতি বাংক ডাকাতি চাঁদাবাজি চামচামি সন্ত্রাস গুম খুনসহ সব অপকর্মকে শিল্পের পর্যায়ে নিয়ে যাওয়ার জন্য সেরাদের সেরার তালিকায় আমরা থাকব,2,Sarcastic,banglasarc3,2,0
আর যদি তুমি দুনিয়ার অধিকাংশ লোকের কথামত চল তাহলে তারা তোমাকে আল্লাহর পথ হতে বিচ্যুত করে দেবে,1,Neutral,banglasarc3,1,0
ইসলামিক দল ইসলামি দল মিলে আসলে এরা ভাই ভাই কেমনে হইলো মানুষ যায় আল্লাহর এবাদত করতে অথচ এখানে দেখি আল্লাহর পথেও এমন বাধা কে কোন দল করলো তা না আসলে সবাই মিলে মিশে ইসলাম প্রচার করুক আমরা এটাই চাই,0,Non-Sarcastic,banglasarc3,0,0
সংক্ষেপে বললে নিজের পাড়া বা গণ্ডির বাইরেও পড়ুয়াদের যে বিপুল বিশ্ব সাইবার মাধ্যমের হাত ধরে সেই দুনিয়ায় এবার প্রবেশ ঘটে বাংলাদেশি পাঠকের,1,Neutral,banglasarc3,1,1
এই ছাপড়ি স্বভাবের জন্য ই হয়তো ওর গফ ছেড়ে গেছে,2,Sarcastic,banglasarc3,2,2
ফেব্রুয়ারি না আসুক না আসুক মার্চ আসুক তবুও যেন জানুয়ারি না আসে,2,Sarcastic,banglasarc3,2,2
লারা দিয়ে ঘুর কাউয়া জুতা চোর,2,Sarcastic,banglasarc3,2,2
ছাত্র রাজনীতি হতে হবে কল্যাণমুখী সন্ত্রাসমুক্ত,1,Neutral,banglasarc3,1,1
ভালো ফলাফল করেছে দেখে হিংসা হয় মানুষও মানুষ নেই পৃথিবী বসবাসের অযোগ্য হয়েছে সেই কবে ফেসবুকের কথা নাই বলি,0,Non-Sarcastic,banglasarc3,0,0
নারী বলতেই শেখ হাসিনা,2,Sarcastic,banglasarc3,2,2
আমিও পারিনি ভাই আমার টাই অন্য একজন ধরছে,2,Sarcastic,banglasarc3,2,2
ভেজাল মুক্ত খাঁটি কথা,2,Sarcastic,banglasarc3,2,1
বুঝিনা হেলমেট পড়ে গাড়ী চালাইয়া কেমনে মজা পায় আমার কাছে বোরিং লাগে,2,Sarcastic,banglasarc3,2,2
আপুর ধৈর্য দেখে আমি শিহরিত,2,Sarcastic,banglasarc3,2,2
আমার বাপ তো আমাকে মামুর ব্যাটা বলে,2,Sarcastic,banglasarc3,2,2
আসলে জীবনে সুখে থাকতে হলে চাহিদা যতো কম থাকবে ততো আফসোস কম লাগবে সুখটাও ঠিক ততো বেশি অনুভব করা যাবে,1,Neutral,banglasarc3,1,1
সবচেয়ে ভালো লাগলো মেহেদী হাসান খান কে দেখে যার অবদানের জন্যে আমরা বাংলা লিখতে পারছি মোবাইল বা কম্পিউটার এর মধ্যে সে তার তৈরিকৃত কিবোর্ড ফ্রি করে দিয়েছে তার এই ব্যবহার করে বাংলাদেশের জনগণের করা হয়েছে যার বিনিময়ে সে এক টাকা ও নেয় নাই অভিনন্দন জনাব মেহেদী হাসান খান,0,Non-Sarcastic,banglasarc3,0,0
মনে করতে থাকেন যে লুকিয়ে ভালোবাসে তাকে অন্য কেউ এসে লুকিয়ে নিয়ে যাবে,2,Sarcastic,banglasarc3,2,2
আবার বই মেলায় নির্ধিদায় মেয়েদের সাথে সাথে লুচ্চামী করে কথা বলতেছে যার নিজের একটা স্ট্রং চরিত্র নাই,0,Non-Sarcastic,banglasarc3,0,0
পড়ে ভালো লাগলো,1,Neutral,banglasarc3,1,1
বড়ই দুঃখ্যজনক,0,Non-Sarcastic,banglasarc3,0,0
যুবায়ের হোসেনের কোর্স নেবার মাধ্যমে নাফিস ধনী হওয়ার স্বপ্ন দেখেছিল কিন্তু বাস্তবতার সাথে তার আশা মেলেনি,0,Non-Sarcastic,banglasarc3,0,0
জয় বাংলা জয় বঙ্গবন্ধু,2,Sarcastic,banglasarc3,2,2
আপনাদের প্রস্তাবগুলো সাধারণ জনগনের মনে কথা কিন্তু চিকিৎসা ব্যবস্থায় যতদিন রাজনীতি থাকবে এমন প্রস্তাবনা গুলো কোন নিউজ অথবা সামাজিক যোগাযোগমাধ্যমে শুনতে হবে বাস্তবায়ন আর হবে না এমন পরিকল্পনার জন্য আপনাদেরকে অসংখ্য ধন্যবাদ,0,Non-Sarcastic,banglasarc3,0,1
হাদিসের আলোকে জীবন পরিচালনা করা খুবই জরুরি আল্লাহ আমাদের সবাইকে তাওফিক দিন,0,Non-Sarcastic,banglasarc3,0,1
আপনারা ক্ষমতার দিকে না যেয়ে জনতার দিকে আসুন আমরাও আপনাদের পাশে থাকব,1,Neutral,banglasarc3,1,0
বর্তমান শিক্ষার্থীদের হাতে ডিভাইস উপহার দেওয়া,1,Neutral,banglasarc3,1,0
নেটওয়ার্ক বন্ধ করেছেন তা ঠিক আছে মামা তাই বলে কি স্যাটেলাইটে পানি ঢোকাবেন,2,Sarcastic,banglasarc3,2,2
কখনো একাকীত্বে ভীষণ ভালো থাকা যায়,0,Non-Sarcastic,banglasarc3,0,1
সকালে এক গ্লাস পানি এবং হালকা ব্যায়াম করা আগে থেকে আমি করতাম,1,Neutral,banglasarc3,1,1
এবার হিন্দু বৌদ্ধ ঐক্য পরিষদের অস্তিত্ব নিয়ে টানাটানি হয় কিনা দেখেন প্রিয়া সাহা একটা ব্র,0,Non-Sarcastic,banglasarc3,0,2
জীবনের প্রতিটি সমস্যাকে গুরুত্ব দিয়ে চিন্তা করার প্রয়োজন নেই কিছু কিছু জিনিস পাশ কাটিয়ে যাওয়া ভালো,1,Neutral,banglasarc3,1,1
ভবিষ্যৎ শঙ্কা মোটেও হাসির বিষয় না,0,Non-Sarcastic,banglasarc3,0,1
ভাবলাম তে মুজিবকে বাচিয়ে নিবে কিন্তু সেটার পরিবর্তন করেনি বলিউড এখনো পিছিয়ে,2,Sarcastic,banglasarc3,2,0
আরাম শুধু গদিতে বসে থাকা,2,Sarcastic,banglasarc3,2,2
কারও অনুভূতি নিয়ে খেলা করা কখনোই ঠিক নয়,1,Neutral,banglasarc3,1,1
রকেটের গতিতে ফলো ব্যাক দিচ্ছি,2,Sarcastic,banglasarc3,2,2
আমার মতো কে কে কমেন্ট দেখতে আসছো,2,Sarcastic,banglasarc3,2,2
জানাজায় আসতে চায় কখন হবে বলিয়েন একটু করে আমি টুক করে জানাজায় ঢুকে পড়বো,2,Sarcastic,banglasarc3,2,2
মানুষের মানবতা আজকে কোথায় গিয়েছে চিন্তা করা যায় একবার,0,Non-Sarcastic,banglasarc3,0,0
মেধার বিকল্প মেহনত মেহনতের কোন বিকল্প নাই চেষ্টা চালিয়ে যাও সফলতা আসবে একদিন ইনশাআল্লাহ,0,Non-Sarcastic,banglasarc3,0,1
সন্তান এর সাফল্য ব্যার্থতা নিয়ে হতাশা হলে সেইসব সন্তানের পিতা মাতার দিকে তাকান যারা জন্মগত সুস্থ না,2,Sarcastic,banglasarc3,2,0
জনগণের টাকা সরকারের উন্নয়ন,0,Non-Sarcastic,banglasarc3,0,0
শুধুমাত্র নিম নয় অন্যান্য দেশীয় গাছও সংরক্ষণ করতে হবে,1,Neutral,banglasarc3,1,1
দায়িত্ব পালন করবেন এবং সৎ থাকার চেষ্টা করবেন ছুটি নিয়ে অভিনয়ে সময় দিবেন,1,Neutral,banglasarc3,1,1
কেন রে শালি তোর গুয়া ফাটিয়া গীয়াছে হরঃঅবো সহিতে পারিশ না শামলা,0,Non-Sarcastic,banglasarc3,0,2
এভাবে কেউ বকলো না কোনোদিন,2,Sarcastic,banglasarc3,2,2
মামলা করেন ইনফিনিক্স এর নামে,1,Neutral,banglasarc3,1,0
এগিয়ে যান ভাই দোয়াও রইলো,0,Non-Sarcastic,banglasarc3,0,2
হেলমেট ছাড়াই গাড়ি টান মারি এক্সিডেন্ট হইতে গেলে গাড়ি ছেড়ে বেরিয়ে আসি হেলমেট দিয়া গাড়ি চালাইতে মজা নাই,2,Sarcastic,banglasarc3,2,2
সিদ্দিক ভাইয়ের ব্যবহার অনেক ভালো লাগলো রমজান তো এসে গেলো ভাই আপনাদের রমজানের পর্বগুলো দেখার জন্য মুখিয়ে থাকবো,1,Neutral,banglasarc3,1,1
পরাজিতরা কোন কিছু ঘটার অপেক্ষায় থাকে তারা কখনই কোন কিছু ঘটাতে পারে না,1,Neutral,banglasarc3,1,1
তাদের মুখের চেহারা দেখে তো মনে হচ্ছে তাদেরও পছন্দ হয় নাই,2,Sarcastic,banglasarc3,2,2
আর ওই উগ্রবাদীরা আমাদের অসাম্প্রদায়িকতার সবক দেয়,0,Non-Sarcastic,banglasarc3,0,0
২০০৫ সালে টার্গেট ইউরো স্টাইলের সরবরাহকৃত এমেকো ১০০৬ এর নকল পণ্য বিক্রি শুরু করে,1,Neutral,banglasarc3,1,1
খেলোয়াড় দুইটা ঘরেই আছে,2,Sarcastic,banglasarc3,2,2
এই তথ্যগুলো স্কুল কলেজের শিক্ষার্থীদের জানানো উচিত,1,Neutral,banglasarc3,1,0
ডাক্তাররা সবসময় তাদের দায়িত্ব পালন করেন নিঃস্বার্থভাবে,0,Non-Sarcastic,banglasarc3,0,1
এই সমস্যার সমাধান একমাত্র রিপন ভাই দিতে পারবে এটাই বাস্তব আইলাভিও,2,Sarcastic,banglasarc3,2,0
এই জন্য প্রেম করতে নাই,2,Sarcastic,banglasarc3,2,2
শিক্ষকের নির্দেশনা ছিল,1,Neutral,banglasarc3,1,1
এই উগ্রবাদীর ফাঁদে পড়ে আমরা নিজেরাই নিজেদের ধ্বংস ডেকে আনতেছি সে নিজেই তো বিচার এর ভয়ে পালিয়ে যাওয়া এক ভন্ড,0,Non-Sarcastic,banglasarc3,0,0
এসব ইনজোরিতে ফিডনেস আরো ভালো থাকে,2,Sarcastic,banglasarc3,2,1
হিংসা একদিন তোমাদের কেউ ছাড়বে না তোমরা ধ্বংস হয়ে যাবা এটাই বাস্তব,1,Neutral,banglasarc3,1,0
জনগণের জানমালের নিরাপত্তা নিশ্চিত করা সরকারের দায়িত্ব,1,Neutral,banglasarc3,1,1
চাচা বাড়ি ঘর এত সাজানো কেন,2,Sarcastic,banglasarc3,2,2
সরকার যখন এক সপ্তাহের জন্য ইন্টারনেট বন্ধ করে দিয়েছিলো তখন বিক্ষোভকারীরা ব্লুটুথের মাধ্যমে নিজেদের মধ্যে যোগাযোগ জারি রেখেছিলো,1,Neutral,banglasarc3,1,1
উনি নিজের জীবনের জন্য যেভাবে লড়াই করেছেন সেটা দারুণ অনুপ্রেরণাদায়ক,0,Non-Sarcastic,banglasarc3,0,1
চমৎকার জরিপ সহমত ভাই পাবলিক করেন সেয়ার করতে চাই,0,Non-Sarcastic,banglasarc3,0,1
আলোচনা ফলপ্রসূ হতে পারে,1,Neutral,banglasarc3,1,1
জণগণ উপকৃত হওয়ার চান্স ৯৯ কিন্তু নেতা কেতারা এগুলো করতে দিবে কিনা স্বাস্থ্য খাতটাই দুর্নীতির জন্মস্থান,0,Non-Sarcastic,banglasarc3,0,0
১৪ ই ফেব্রুয়ারীর দিন দেশে লকডাউন দেওয়া হোক,2,Sarcastic,banglasarc3,2,2
ওরে দেখলেই বুঝা যায় অনেক মেধাবী ট্রল কইরেন না,2,Sarcastic,banglasarc3,2,2
ইলিয়াস ভাই একমাত্র দেশ প্রেমিক মানুষ,1,Neutral,banglasarc3,1,0
অতঃপর সেই মেয়েটিকে কৃত্রিম ভাবে শ্বাস গ্রহনের ব্যবস্থা করতে গিয়ে আমাদের মানব দরদী সালমান ভাই বেহুশ কারন মেয়েটি দীর্ঘ অনেক বছর ব্রাশ করেন নি,2,Sarcastic,banglasarc3,2,2
তথ্যপ্রযুক্তি এখন আমাদের দৈনন্দিন জীবনের অংশ,1,Neutral,banglasarc3,1,1
গোলাপ ফুল দিয়ে পুজা হয়না,2,Sarcastic,banglasarc3,2,2
সমন্বয়করা শেষবার বেঈমানী করেছিল ৫ ই আগষ্ট ৬ তারিখের কথা বলে ৫ তারিখে ডাক দিছিলো আজকেও ৯ টার কথা বলে ৮ টাই শুরু করে দিছে,2,Sarcastic,banglasarc3,2,0
কোন দেশে যে বাস করি কেউ মঙ্গল গ্রহের টিকিট দেন যাইগা,2,Sarcastic,banglasarc3,2,2
আওয়ামী লীগের প্রিয় সহযোদ্ধারা এখনই অফার সম্মান বাঁচাতে আমি আপনাদের অনুরোধ করছি ৩২ নম্বরের রওনা দিন,2,Sarcastic,banglasarc3,2,2
ওটা দের মাস হবে নারে পাগলা দের বছর হবে,2,Sarcastic,banglasarc3,2,2
যদি নিরপেক্ষতা না থাকে তাহলে কি আর করার শুধু পালা বদল এর কি কোন প্রতিকারই নাই,0,Non-Sarcastic,banglasarc3,0,0
একজন ভালো বন্ধু কখনও আপনাকে অবহেলা করবে না তেমনি একজন স্ত্রী বা প্রেমিকা আপনার পাশে থাকবে,1,Neutral,banglasarc3,1,1
ক্রিকেটের লিজেন্ড স্যার গ্যারি সোবার্স কখনো কোনো দুর্নীতির সঙ্গে জড়িত ছিলেন না,1,Neutral,banglasarc3,1,1
খোলা মেলা জিনিসের প্রশংসা সবাই করে,2,Sarcastic,banglasarc3,2,1
গোল্ডেন ডাক পালতু ডাক তামিম দেয় না,2,Sarcastic,banglasarc3,2,2
কি সুন্দর করে বললেন আমি পরকালে বিশ্বাস করি না আর এখন বলছেন আল্লাহ মাফ করবেন সত্যি করে বলেন তো আপনি আসলে কি চান,0,Non-Sarcastic,banglasarc3,0,0
রোগীর মা র সত্যি কথা বলা চিকিৎসকদের সঠিক চিকিৎসা প্রদান করার ক্ষেত্রে গুরুত্বপূর্ণ ভূমিকা রাখে,0,Non-Sarcastic,banglasarc3,0,1
আর বেলা তার স্বামীর পেনশনের টাকা উঠাতে ব্যাংকের লাইনে দাঁড়িয়ে আছে,0,Non-Sarcastic,banglasarc3,0,2
এই বছর চাওয়ার আগে পাখি উড়ে গেছে,2,Sarcastic,banglasarc3,2,2
জীবন কে মানুষ কত সহজ ভাবে নিচ্ছে,0,Non-Sarcastic,banglasarc3,0,1
তাতে কি হইছে বদ্দা আপনার বেলা তো এখন স্বামীর আদর নিতে ব্যস্ত,0,Non-Sarcastic,banglasarc3,0,2
ভয়ে আছি রাস্তায় আকাম করলে র ্যাবরে পুলিশ ভেবে গালি না দিয়ে ফেলি,2,Sarcastic,banglasarc3,2,2
ডাক্তাররা সর্বদা রোগীদের সেবা দিতে প্রস্তুত,0,Non-Sarcastic,banglasarc3,0,1
এদের উপর নজর পরলো কেনো আবার,2,Sarcastic,banglasarc3,2,2
দেশের বিচার আচার কেমন হবে বা হচ্ছে তার ই নমুনা এগুলো কেন জানি মনে হয় আমরা একটা গোলক ধাঁধার চক্করে পড়ে রয়েছি নতুন স্বাধীনতা এনে দিয়েছে ছাত্র ছাত্রীরা ঠিকই কিন্তু এর সুফল আদৌ পাবে বলে মনে হয় না,0,Non-Sarcastic,banglasarc3,0,0
লম্বা হয়েও জ্বালা,2,Sarcastic,banglasarc3,2,2
এসব নাটক দেখতে হবে বলে মাসে ১বার ক্লাস করি,2,Sarcastic,banglasarc3,2,2
মানে সহজ হিসাব যে চুলোও যাবে যাও গাজা ছাড়ো গাজা নিয়ে ইসরায়েলের দাবি সঠিক,0,Non-Sarcastic,banglasarc3,0,2
আমি আমাদের দেশের আইন ব্যবস্থাকে ধিক্কার জানাই আমি কুন দিন দেশর বিরুদ্ধে কাজ করি নি তাহলে দেশের আইন যে আমার সাথে প্রাতিদিন অন্নায় করছে তার বিচার কে করবে,0,Non-Sarcastic,banglasarc3,0,0
আপনার জন্য ও দোয়া রইল ভাই আরো এগিয়ে যান,1,Neutral,banglasarc3,1,0
বেলার বাচ্চা আপনাকে মামা ডাকার জন্য প্রস্তুত আপনি তাদের চিপস আর চকলেট কিনে দেওয়ার জন্য প্রস্তুত থাকেন শীঘ্রই আপনাদের এয়ার পোর্টে দেখা হবে,2,Sarcastic,banglasarc3,2,2
আপনারা না নিজেদেরকে মেধাবী দাবি করেন মিষ্টি পেয়েছেন আর তা পরীক্ষা নিরীক্ষা না করে খেয়ে নিয়েছেন,0,Non-Sarcastic,banglasarc3,0,0
শেখ হাসিনা একজন ই যার বিকল্প উনি নিজেই কাজেই বাংলাদেশের নেতৃত্বে উনার সাবটিটিউট আপাতত কেউ নেই,2,Sarcastic,banglasarc3,2,0
পঞ্চম শ্রেণী আর ঐ সময়ের রসআলো গুলা ভাই সেই ছিলো,0,Non-Sarcastic,banglasarc3,0,2
যাহোক সাম্প্রতিক আন্দোলনে বাংলাদেশেও এই প্রজন্ম তথ্যপ্রযুক্তি ও সামাজিক যোগাযোগমাধ্যমে ক্যানসেল কালচারের ব্যাপক ব্যবহার করেছে,1,Neutral,banglasarc3,1,1
ব্যক্তিগত অভিজ্ঞতা দিয়ে বৃহৎ ইতিহাসের ব্যাখ্যা সবসময় দেওয়া সম্ভব নয়,1,Neutral,banglasarc3,1,1
জিম মানে বুক ডাউন,2,Sarcastic,banglasarc3,2,2
গল্পটা পড়ে মনে হলো নিজের সমস্যাগুলো আসলে অনেক ছোট আমাদের উচিত উনার মতো সংকল্প নিয়ে এগিয়ে যাওয়া,1,Neutral,banglasarc3,1,0
সিরিয়া এবং ভিয়েতনামের মতো দেশগুলোর সাথে আমাদের তুলনা করলে আফসোস হয়,1,Neutral,banglasarc3,1,0
আমি বিশ্বকবিতার প্রেমে অতিক্রম করে গেছি দেশের দেয়াল কালের পাহারা,1,Neutral,banglasarc3,1,1
লিডার পরবর্তী নেতা,2,Sarcastic,banglasarc3,2,2
শুধু মাঝে মাঝে বলতো ঘুমা মোবাইল না টিপে,0,Non-Sarcastic,banglasarc3,0,2
শান্ত ভাই এই সময়ে আপনাকে ছাড়া একাদশ কল্পনা করা কঠিন,0,Non-Sarcastic,banglasarc3,0,2
লাল স্বাধীনতার যুগে পাওল সাংবাদিকদের কাছে এর চেয়ে ভালো কোন নিউজ হবে নাকি,0,Non-Sarcastic,banglasarc3,0,2
দড়িটা সদরঘাট থেকে নিলে ভালো হয় লঞ্চে ব্যবহার করে সেই দড়ি মজবুত হবে বেশি মরার চান্স শতভাগ,2,Sarcastic,banglasarc3,2,1
এ জীবন কেন এত রং বদলায়,1,Neutral,banglasarc3,1,0
বিদেশি সব কিছুই ভালো বিপিএল এ হলে এতক্ষণ এ ঝড় উঠতো,0,Non-Sarcastic,banglasarc3,0,2
মানুষ মানুষের জন্য এটাই তার উদাহরণ,0,Non-Sarcastic,banglasarc3,0,0
বগুড়ার পুলাটারে সারা দেশ চিনে কিন্তু জায়েদ ফ্যান কে কয় জনে চিনে,0,Non-Sarcastic,banglasarc3,0,2
ভুয়া কথা বিবাহিত রাও দেয় যারা বেকার তারা,2,Sarcastic,banglasarc3,2,2
শুধু কলেজের বা ভার্সিটির ক্যাম্পাসেই তাদের গরম থাকে কিন্তু প্রাকটিক্যাল ফিল্ডে আসলে নরমাললি একটা এস্টিমেট দিলে মাঘ মাসে ঘাম ঝরা শুরু হয় তা সেটা ডিপ্লোমা হোক বা গ্রাজুয়েট হোক,0,Non-Sarcastic,banglasarc3,0,0
পিথীবির সব থেকে সুখি মানুষ তারা যাদের কেন লজ্জা নাই,0,Non-Sarcastic,banglasarc3,0,0
সস্তা পাবলিসিটি আর বিনোদন এর জন্য বড়আ কে ধন্যবাদ এর জন্যই ফলো করি এই শিট পেজ কে,0,Non-Sarcastic,banglasarc3,0,0
আর পালালে ওয়াইফাই পাবোনা তাই চুপচাপ বাসাতেই থাকি,2,Sarcastic,banglasarc3,2,2
পিরামিড নির্মাণে কোন ধরনের প্রযুক্তি ব্যবহৃত হয়েছিল তা নিয়ে বিতর্ক আছে,1,Neutral,banglasarc3,1,1
দুষ্টু ছেলের দল,0,Non-Sarcastic,banglasarc3,0,0
প্লিজ বাসায় আগে প্র্যাকটিস করে এসে সবাই তারপর গণমঞ্চে এসে গ্রুপ স্টাডির মত যোগদান করবা,2,Sarcastic,banglasarc3,2,2
কেউ যদি নিয়মিত কাজ না করে তবে সফল হওয়া সম্ভব নয় কারণ কাজ কখনোই একদিনে শেষ হয় না,1,Neutral,banglasarc3,1,1
হে আমার রব আপনি সবাইকে হেদায়েত দান করুন আমীন,2,Sarcastic,banglasarc3,2,1
ভাই কত রেটিং পান জানাইয়েন,2,Sarcastic,banglasarc3,2,2
ভাই স্কুটি কেনার টাকাও নাই ভাড়া টাও বাসা থেকে নিতে হয়,1,Neutral,banglasarc3,1,2
মানবতা বেঁচে থাকুক সবার মাঝে,0,Non-Sarcastic,banglasarc3,0,0
ইউনুস সরকার দেশ পরিচালনা করতে ব্যর্থ তাই তার উচিত এখনি দেশরত্ন মমতাময়ী মা প্রধানমন্ত্রী শেখ হাসিনার হাতে দেশকে তুলে দেওয়া,2,Sarcastic,banglasarc3,2,2
ড ইউনূসের কাছে আমার অনুরোধ আর কিছুটা দিন জোর করে বসে থাকেন আল্লাহর রহমতে পাবনার মত হাসপাতাল আরো ৫০ টা করা লাগবো কারণ এর ভিতরে নির্বাচন নির্বাচন কইরা সবগুলো পাগল হয়ে যাবে,2,Sarcastic,banglasarc3,2,2
গ্রামীণফোনের চিফ মার্কেটিং অফিসার সিএমও ফারহা নাজ জামানের উপস্থিতিতে ২৯ জানুয়ারি সিলেটের আম্বরখানায় সেন্টারটি আনুষ্ঠানিকভাবে উদ্বোধন করা হয়,1,Neutral,banglasarc3,1,1
স্যার অামি অাপনি এবং অাপনার ছেলের বিশাল বড় ফ্যান সত্যি বলতে অামরা হীরার মূল্য সবাই জানি কিন্তু হীরাকে সন্মান দিতে জানি না ৷,1,Neutral,banglasarc3,1,0
তর বাপের দেশে অনেক জায়গা আছে,0,Non-Sarcastic,banglasarc3,0,2
কর্মজীবনের অভিজ্ঞতা অনেক স্কলারশিপ প্রোগ্রামে গুরুত্বপূর্ণ ভূমিকা পালন করে,1,Neutral,banglasarc3,1,1
আসতাগফিরুল্লাহ এদের উপর গজব পড়ুক,0,Non-Sarcastic,banglasarc3,0,0
মাগো এতো দেহি স্টুডেন্টদের খুশির খবর,0,Non-Sarcastic,banglasarc3,0,2
মানুষ থাকলে অবশ্যই খাইতাম,2,Sarcastic,banglasarc3,2,2
সব ব্লগারের তো ব্রেইন নাই যাদের বলেছেন তারা এটা দেখে হাসবে বাশ দিছেন এটা বুঝবে না,2,Sarcastic,banglasarc3,2,0
আহা মানুষের এতো নিকৃষ্ট চরিত্র ও আছে কাকে বিশ্বাস করবো এই দুনিয়াতে আল্লাহ কোন যামানাই এসে গেছি,0,Non-Sarcastic,banglasarc3,0,0
সালমান হইলো একটা কুত্তাচুদা পাবলিক এখন শুয়র টা লাইভে এসে পাবলিক তাকে কি বলছে সেটার রিয়েক্ট করবে সালা বোকাচুদা এতোদিন সবচেয়ে বেশি সাবস্ক্রাইবার নিয়া যেই লাফান টা লাফাইলো এখন দেখ সালা শুয়র তর অনেক পরে ইউটিউব এ এসে কতগুলা চ্যানেল তর চেয়ে বেশি ফ্যামাস হইয়া গেছে তর অধ পতন শুরু মনে রাখিস ভালো কোন কিছু আজিবন থেকে যায় আর খারাপ কিছু নিয়া মানুষ ২ দিন মজা নেয় পরে ডাস্টবিন এ ছুড়ে ফেলে,0,Non-Sarcastic,banglasarc3,0,0
না রে ভাই সকালে এলার্ম বাজার শব্দ থেকেও ঘুমের ঔষধ তৈরী হয়,2,Sarcastic,banglasarc3,2,2
পৃথিবী কিন্তু গোল তারা তারী পোস্ট ডিলেট দেও,2,Sarcastic,banglasarc3,2,2
মনে করছিলাম সেনাবাহিনী ও পুলিশ নিজ দায়িত্বে এরেস্ট করবে কিন্তু কিছুই হল না আপসোস,1,Neutral,banglasarc3,1,0
নিশো আর মেহজাবিন নাটক এর কথা মনে পড়ে গেলো নিশো মেহজাবিন কে রান্না করে খাওয়াই ছিলো,2,Sarcastic,banglasarc3,2,2
সে একজন নাট্য কর্মী তার চালচলন সেরকমই হওয়ার কথা তাকে বাংলাদেশের প্রকৃত রিসালতে দেখতে এত কৌতহল কেন সে মিথিলা স্পষ্ট বিপথগামী তা সে বোঝেনা কারন তার কর্ম তাকে এটাই উপযুক্ত করে রেখেছে,0,Non-Sarcastic,banglasarc3,0,0
মানুষ এত জ্ঞানী হয় ওনাকে না দেখলে বুজতাম না,1,Neutral,banglasarc3,1,0
ভাই শুধু দেখি কিন্তু দাওয়াত তো পাই না,1,Neutral,banglasarc3,1,2
জীবন সম্পর্কে ভাবনার দৃষ্টিভঙ্গি সময়ের সাথে বদলে যায়,0,Non-Sarcastic,banglasarc3,0,1
বাস্তবতা কিন্তু জিলাপি,2,Sarcastic,banglasarc3,2,2
পরিশ্রম করে সফল হতে হবে এটাই আমার ভালো লাগলো পরিশ্রম করা কথাগুলা অনেক রাইট,1,Neutral,banglasarc3,1,1
জ্বর মূলত মাকে মনে পড়ার অজুহাত,0,Non-Sarcastic,banglasarc3,0,2
কিগো তুমি নাকি উদীয়মান নাস্তিক মৃত্যু কে বিশ্বাস করো তো নাকি সেটাও চোখে দেখনি আসলে এটা তো তোমার প্রোবলেম না তোমার ফ্যামিলি দায়ী তোমাকে প্রাথমিক শিক্ষাটা দিতে পারেনি আবার এটা বইলো না যে আল্লাহ তোমাকে সৃষ্টি করেনি তোমার বাপ তোমাকে সৃষ্টি করেছে নাউযুবিল্লাহ কারন তুমি তো জন্মের পরে আল্লাহ কে দেখনি দেখছো তোমার বাবাকে আবার তুমি তো না দেখে কিছুই বিশ্বাস করতে চাও না তোমাদের মতো সব নাস্তিকদের পাওয়ার এই মাটির উপরে মাটির নিচে গেলেই তোমাদের পাওয়ার শেষ বাহাদুরি করাও শেষ আর আল্লাহ হচ্ছেন সর্ব শক্তিমান তিনি চাইলে তোমার কথা শেষ হওয়ার সাথে সাথে মৃত্যু দিতে পারতেন দিলেন না কেন জান আল্লাহ অবিশ্বাসীদের এই পৃথিবীতে আগে অপদস্থ করেন তারপর মৃত্যু দেন তুমি এখন সেই অপদস্থকারীদের তালিকায় নাস্তিক একটা,0,Non-Sarcastic,banglasarc3,0,0
অনেক কিছুই হতে পারে অনুশোচনা ভালোবাসা মায়া কিংবা কোনো ফাঁদ,0,Non-Sarcastic,banglasarc3,0,1
হায়রে আবেগ আর আবেগ ভাইরাল হবার পর সব আবেগ শেষ,2,Sarcastic,banglasarc3,2,0
ছোটবেলায় কারণে অকারণে বিদ্যা বলে কসম খাওয়ার কারনে আজ পড়ালেখার এই অবস্থা,2,Sarcastic,banglasarc3,2,2
চাচা ফুল গুলো এতো সাজানো কেনো আর আমার প্রিয় মানুষ কোথায়,2,Sarcastic,banglasarc3,2,2
চলার পথে থামতে জানা জরুরি কারও দ্বারা ব্যবহৃত হওয়া থেকে সতর্কতাও জরুরি,1,Neutral,banglasarc3,1,1
আগে বলেন আপনি কাবিলার ডিজিটাল চশমা কই পাইলেন,2,Sarcastic,banglasarc3,2,2
তাতে তো আরও সমস্যার সৃষ্টি হবে ওরা কখনোই প্লেয়ারদের পুরো পেমেন্ট ক্লিয়ার করবে না,1,Neutral,banglasarc3,1,0
কি প্রেম করার আগে থেকে পরিচিত থাকে,2,Sarcastic,banglasarc3,2,2
এ নাকি আমাদের দেশের প্রধানমন্ত্রী যাকে দেখলে বক্তব্য শুনলে একটা সাধারন মানুষের হেসে ওঠে,2,Sarcastic,banglasarc3,2,2
বিশ্বাস রাখুন আপনি যা চান তা অর্জন করতে পারবেন,1,Neutral,banglasarc3,1,1
আসসালামুআলাইকুম স্যার স্যার কেমন আছেন আনন্দ মাল্টিমিডিয়াতে আপনার লেখা যে বই গুলো ছিলো ওই বই গুলো কোথায় পাবো,1,Neutral,banglasarc3,1,1
উপস্থাপিকাকে যতই দেখছি মুগ্ধ এত্ত সুন্দর এক্সপ্রেশন কথা বলায় হাই লেভেল বোল্ডনেস আর কি দারুন বচন ভংগী পুরাই প্রফেশনাল লেভেল এ শো মেইনটেইন করছে কিপ ইট আফ সিস,1,Neutral,banglasarc3,1,1
আমি ফ্যান হিসেবে একটা পেতে পারি নাহ,2,Sarcastic,banglasarc3,2,2
৪৩ ৪৪ পেয়ে মেডিকেলে টিকছে শুনলে রোগী এম্বুলেন্স থেকে নেমে দৌড় দিবে,2,Sarcastic,banglasarc3,2,2
স্বপ্নপুরণে শুধু আবেগ নয় বেগ দরকার সাথে বিনয়ী মনোভাব শেখার তাড়না ও প্রেরণা,1,Neutral,banglasarc3,1,1
একটি সাজানো গোছানো ফ্যাসিবাদের সাম্রাজ্য ধ্বংস করার জন্য এই সমন্বয়কগুলার বিচার একদিন আমরা করবোই মঙ্গলগ্রহের মাটিতে হলেও বিচার করেই ছাড়বো,2,Sarcastic,banglasarc3,2,0
যারা নিরপরাধ মানুষের রক্ত ঝরিয়েছে তাদের বিচার হওয়া উচিত,1,Neutral,banglasarc3,1,0
একদম বাস্তব অভিজ্ঞতা আছে আমার নিজের ক্ষেত্রে কাজেই আমি খুব ভালোই জানি এক্ষেত্রে একটা পুরুষের ওপর কি পরিমাণ মানসিক চাপ থাকে অবশ্যই আইন সংশোধন করা উচিৎ,0,Non-Sarcastic,banglasarc3,0,1
আজকে জানতে পারলাম পরামর্শ ভালো ছিল,1,Neutral,banglasarc3,1,1
অথচ এক শ্রেণীর বন্ধুরা অবস্থান ভাল হলে ভাবসাব নিয়ে চলে এমন বন্ধু লাইফে না আসুক,0,Non-Sarcastic,banglasarc3,0,0
কতা কন ঠিক কি না,2,Sarcastic,banglasarc3,2,2
যখন আপনি নিজের ভুলগুলো থেকে শিখতে পারবেন তখন জীবন আরো সুন্দর হবে,1,Neutral,banglasarc3,1,1
সারাহর জীবনটা হয়তো অনেক সহজ মনে হয় কিন্তু সেটাও কঠিন হতে পারে,0,Non-Sarcastic,banglasarc3,0,1
পদ্মা ব্যাংকের সাবেক চেয়ারম্যান চৌধুরী নাফিজ সরাফাত অর্থ পাচার করে দুবাইয়ে সম্পদ কিনেছেন তিনি দুবাইয়ে তিন বেডের শয়নকক্ষ একটি ফ্ল্যাট কিনেছেন এ ছাড়া পাঁচ বেডের একটি ভিলা কিনেছেন তিনি,1,Neutral,banglasarc3,1,0
দেখে যতটুকু বুঝতে পারছি বই লেখার জন্য নাহ ছবি তোলার জন্য এমন পরিবেশ তৈরি করা,1,Neutral,banglasarc3,1,1
এক সময় শাহরুখ খান আর এরে এক লাগতো আমার,2,Sarcastic,banglasarc3,2,2
এটা দিয়ে কি করা যাবে,0,Non-Sarcastic,banglasarc3,0,2
মেয়েটা আমি আর ছেলেটা আমার এক্স ব্রেকআপের কারনও এইটাই,2,Sarcastic,banglasarc3,2,2
এ বাড়িটা পুরে ছাই হইয়ে গেলো গত ৫ আগস্টে কিন্তু কাগজ টা অক্ষত রইয়ে গেলো এটা কি কোরআন হাদিস থেকে ও বেশি নাটকও করতে পারলি না,2,Sarcastic,banglasarc3,2,0
ক্ষমতার প্রয়োগ এবং রাজনৈতিক নেতৃত্ব নিয়ে এই ধরনের আলোচনা চালিয়ে যাওয়া উচিত,1,Neutral,banglasarc3,1,1
বিজ্ঞানের ব বোঝে না এমন অশিক্ষিত কি এই বই পড়ে উপভোগ করতে পারবে তাহলে কিনব আপনাকে তিনদিন দেখলাম প্রকাশনার স্টলের সামনে সাহস করে কথা বলিনি,1,Neutral,banglasarc3,1,0
এই টার জন্যই আমার প্রেমটা ঠিকানাই ভাই,2,Sarcastic,banglasarc3,2,2
মানসিক তথা সামগ্রিক সুস্থতার জন্য ব্যাডমিন্টনের চেয়ে রোমাঞ্চকর এবং কার্যকর খুব বেশি কিছু আমার জানা নেই,1,Neutral,banglasarc3,1,1
আমার তো হুডি আছে জান,2,Sarcastic,banglasarc3,2,2
ধানমন্ডি ৩২ এর থেকেও প্রথম আলো বেশি শক্তিশালী বাংলাদেশ ধংশ করার এক মাএ দায়ী ইন্ডিয়ান এজেন্ট মোদির আলো জয় বাংলা করে দিতে হবে,0,Non-Sarcastic,banglasarc3,0,0
ভাইয়ার আগমনে মেডিকেল ব্যাচ এবার আরো উন্নতি সাধন করবে আশা করছি স্বাগতম ফাহাদ ভাইয়া,0,Non-Sarcastic,banglasarc3,0,1
কই গো তুমি শুনছো,2,Sarcastic,banglasarc3,2,2
নিশ্চই আপনি মহান চরিত্রে র অধিকারি যাকে নিয়ে আল্লাহ বলেছেন তিনি হচ্ছেন সায়্যেদুল মুরসালিন হযরত মুহাম্মদ সাল্লাল্লাহু আলাইহি ওয়া সাল্লাম,1,Neutral,banglasarc3,1,1
মেহের আফরোজ শাওন ও মুহাম্মাদ জাফর ইকবাল কে অবিলম্বে গ্রেফতার করা উচিত,0,Non-Sarcastic,banglasarc3,0,2
শহরের ভিতরে এমন অবস্থা তাহলে চিন্তা করেন গ্রামের দিকে কী অবস্থা,0,Non-Sarcastic,banglasarc3,0,0
সভা সমাবেশ প্রতিবাদ মিছিল থামানোর নতুন পথ,0,Non-Sarcastic,banglasarc3,0,1
উষসীর সঙ্গেও আর কখনো যোগাযোগ করার চেষ্টা করিনি,1,Neutral,banglasarc3,1,1
নষ্টাদের নষ্টামি শেষ পর্যায়ে,1,Neutral,banglasarc3,1,2
সন্তানের ছোট্ট একটি কাজ মায়ের জন্য আনন্দের উৎস হতে পারে,0,Non-Sarcastic,banglasarc3,0,1
হা হা এটাই বাস্তব,2,Sarcastic,banglasarc3,2,2
আর যাইহোক নাচের স্কিল টা কিন্তু অনেক জুস ছিল,0,Non-Sarcastic,banglasarc3,0,2
যাদের উপর গুলির নির্দেশ দিয়েছিল তাদের উদ্দেশ্যে মায়া কান্না করবে প্লিজ উপহাস করবেন না,0,Non-Sarcastic,banglasarc3,0,0
গানটা এত্ত সুন্দর বাট অনেক ছোট,0,Non-Sarcastic,banglasarc3,0,1
এগিয়ে যাও নির্জনা শুভকামনা রইলো সবসময়,1,Neutral,banglasarc3,1,0
আজ পর্যন্ত জানতে পারলাম না এটা কি জিনিস,1,Neutral,banglasarc3,1,1
উনার জীবনের গল্পটা শুনে অবাক হয়েছি এমন সংকল্প আর ধৈর্য খুব কম মানুষের মধ্যে দেখা যায়,1,Neutral,banglasarc3,1,1
তাইলে আমাদের ফেনী সরকারী কলেজ কি দোষ করছে চট্রগ্রাম বিভাগের অন্যতম একটি কলেজ ওদের ঢাকাতে অনেক বিশ্ববিদ্যালয় আছে আমাদের তো তেমন নাই সুতরাং অবশ্যই আমরা এই দাবীর বিরুদ্ধে,1,Neutral,banglasarc3,1,0
যখন রান্না করতে আলসেমি লাগে তখন এভাবে ডিম রান্না করি,2,Sarcastic,banglasarc3,2,2
জেসিয়া কেন গেট ভাংলো আমিতো ভাবছি নিচের লকটাই ভেংগে দিয়েছে তাহসিন ভাই তোমার এবং তোমাদের গ্যাংগ নিয়া যাই বলছে সব সত্য কেও বাঁশের বারি খায় কেও নিজের প্রডিউসার এর নামই জানেনা,2,Sarcastic,banglasarc3,2,0
নতুন পুরাতন ইউজার ভাই ও বোনদের জন্য দোয়া রইলো সবাই এগিয়ে জান পাশে আছি ইনশাআল্লাহ,1,Neutral,banglasarc3,1,2
যাদের এখনো সন্দেহ রয়েছে তারা একটু পানি পান করে জীবনের অমরত্ব সাধন করেন,2,Sarcastic,banglasarc3,2,0
পরকালে তো আমিও বিশ্বাস করি কিন্তু কমেন্ট গুলা পড়ে তো মনে হচ্ছে না যে পরকালে বিশ্বাস করে খুব একটা লাভ হইলো ভালো কথা তো কেউ লিখলেন না তার বিশ্বাস তার কাছে নিজের টা নিয়ে নিজে থাকলে কি প্রব্লেম গায়ে পড়ে অফেন্ডেড হওয়া বাদ দেন নুসরাত এর জন্য কিছু তো করতে পারলেন না অথচ আইসা এখানে সাফা কবিরের নাস্তিকতা নিয়া লাফালাফি,0,Non-Sarcastic,banglasarc3,0,0
ঘুম থেকে উঠেই কাগুরে আপার লগে দেখলাম,2,Sarcastic,banglasarc3,2,2
একমাত্র আপাই পারে ছাত্র জনতার মাঝে সেই জুলাই এর ঐক্য ফিরিয়ে আনতে ধন্যবাদ আপা,2,Sarcastic,banglasarc3,2,2
পড়ুয়ামাত্রই জানেন স্নাইডারের এই পর্যবেক্ষণ নিখুঁত সময়ের সঙ্গে সঙ্গে বইয়ের প্রতি মানুষের মনোভাব বদলায়,1,Neutral,banglasarc3,1,1
কাচ্চি ডাইন এর কি বিজ্ঞাপনের খরা লেগেছে,0,Non-Sarcastic,banglasarc3,0,2
পাকিস্তানের পক্ষ নিয়ে কাজ করলে ভালো হবে আপনারা কি বলেন,0,Non-Sarcastic,banglasarc3,0,0
ক্যানসেল কালচার শব্দটির জন্ম ২০১৬ সালে,1,Neutral,banglasarc3,1,1
গল্পটা মায়ের মুখে শুনেছিলাম অনেক আগে,1,Neutral,banglasarc3,1,1
তাহলেই ৬২ এ জানুয়ারি হোক,2,Sarcastic,banglasarc3,2,2
সন্ন্যাসী বাবা হয়তো চিকিৎসা দিতে গিয়েছিল তাকে ধরা অন্যায় হয়ে গিয়েছে চেতনা দন্ড এই দেশে সবসময় খাড়াই থাকে বুঝতে হবে,2,Sarcastic,banglasarc3,2,0
খাবারে ব্লেড পাওয়ায় আজ অথোরিটি ওটা তো ছোট ব্লেড ছিলো না ছোট ব্লেড হলে মারা যাওয়ার চান্স থাকতো ব্লেড টা যেহেতু বড় তাই ভিতরে ঢুকতো না,2,Sarcastic,banglasarc3,2,2
লেখাটা অনেক গভীর বাস্তবতাকে খুব সুন্দরভাবে তুলে ধরেছে,0,Non-Sarcastic,banglasarc3,0,1
এই তালিকায় শায়খ আহমাদুল্লাহ থাকার দরকার ছিল গত কয়েক বছরে দেশের জন্য উনার মত অবদান আর কেউ রাখেন নাই দুঃখের বিষয় সেকুলার বাংলা একাডেমি উনার এত এত ভাল কাজ দেখেও এড়িয়ে গেলেন,0,Non-Sarcastic,banglasarc3,0,0
একদিন মরতে হবে দুনিয়া নয় বরং দুনিয়াতে বেঁচে থেকে জান্নাতের চিন্তা করে নফসকে পরাজিত করতে হবে,2,Sarcastic,banglasarc3,2,1
ফেইসবুকে ঢুকলেই দেখা যায় আওয়ামিলীগ এর নেতার অভাব নেই কই মাঠে তো একটাও নাই,2,Sarcastic,banglasarc3,2,2
আসলে তারা ছিলেনও তাই,1,Neutral,banglasarc3,1,1
এত বড় ক্যাম্পাস যে মাঝে মাঝে হারিয়ে যাই নিজে নিজে,0,Non-Sarcastic,banglasarc3,0,1
আল্লামা সাঈদী সহ অগণিত আলেম হত্যার অভিশাপ সাধারণ মানুষ ও ছাত্র জনতাকে আহত নির্যাতন হত্যার অভিশাপ গণ অধিকার পরিষদের ভিপি নুর সহ অগণিত নেতাকর্মীদের জেল জুলুম নির্যাতন এর অভিশাপ লেগেছে,0,Non-Sarcastic,banglasarc3,0,0
যদি মানুষের বদলে সব জায়গায় রোবট ব্যবহার করা শুরু হয় তাহলে মানুষের বেঁচে থেকে লাভ কি সবাই মরে গেলেই তো পারে রোবট চালাবে পুরো পৃথিবী রোবট মানুষের থেকে শক্তিশালী এবং বুদ্ধিমান বিষয়টা ভেবে দেখলে ভয়ঙ্কর লাগবে রোবট দিয়ে প্রোগ্রামিং করা যায় রোবট নিজেই প্রোগ্রামিং করতে পারে এখন যদি এমন কোন রোবট তৈরি করে কোন মানুষ যার মানুষের মতো ভাবার ক্ষমতা আছে এবং হাত পা আছে যেটার মাধ্যমে সে নিজের উপর তৈরি করতে পারবে এমন কোন রোবট তৈরি হলে এটা নিশ্চিত থাকুন যে পৃথিবী শেষ,0,Non-Sarcastic,banglasarc3,0,0
আমি বরিশালের সাপোর্টার আমাকে আইফোন দেওয়া হোক,2,Sarcastic,banglasarc3,2,2
পারিবারিক অশান্তির ফলে একজন ব্যক্তির মৃত্যুর পর কী লাভ হয় সত্যিই কিছুই নয়,1,Neutral,banglasarc3,1,1
শিক্ষার্থীদের একতা ও সচেতনতা সত্যিই প্রশংসনীয় সঠিক সিদ্ধান্ত নেওয়া হোক,1,Neutral,banglasarc3,1,1
আমি সব ১০০ ভাগ মেনে চলি কিংবা কেউ আমাকে দিয়ে জোর করে করায় বরং এই কারনে যে উনি না সাহায্য করলে যেখানে জীবনে কিছুই করার উপায় ছিল না সেখানে কল্পনাতীত করতে পেরেছি,1,Neutral,banglasarc3,1,1
সমানুপাতিক যেহেতু যেকোনো একটা কমান তাহলে অন্যটা একা একাই কমে যাবে,0,Non-Sarcastic,banglasarc3,0,1
এক সময় নাছিরের ফিল্ডিং বেশ উপভোগ করতাম তারপর সৌম্য সাব্বিদের,0,Non-Sarcastic,banglasarc3,0,1
আসছে নতুন বলিউড মুভি অক্ষয় কুমার ববি দেওলরা এবার বিমান হামলা করে আমেরিকা ধ্বংস করে ফেলবে,2,Sarcastic,banglasarc3,2,2
চোখের জল ধরে রাখতে পারলাম না ধানমন্ডি ৩২ মনে হচ্ছে নিজের ঘর ভাঙ্গিতেছে,2,Sarcastic,banglasarc3,2,2
টসের সময় দেখে মনে করছিলাম আমি একাই দেখছি ওমা এখন দেখি সবাই লিজেন্ড,2,Sarcastic,banglasarc3,2,2
কারন এই বছর আর কিছু জিতবে কিনা সন্দেহ আছে তাই স্মরন করে রাখলো,2,Sarcastic,banglasarc3,2,2
কোনরকম ভয় বা শাস্তি দেওয়ার বদলে বলুন এটা বলার জন্য ধন্যবাদ এতে তারা ভবিষ্যতেও আপনাকে জানাতে স্বাচ্ছন্দ্যবোধ করবে,1,Neutral,banglasarc3,1,1
অসাধারণ লিখেছেন নিজেকে চেজ করা আর ইগনোর করাটাই লাইফের বাস্তব সমাধান,0,Non-Sarcastic,banglasarc3,0,1
যার কেউ নেই তার আমি আছি,2,Sarcastic,banglasarc3,2,2
১০০ সত্যি বদনজর মানুষকে কবর পর্যন্ত নিয়ে যায়,1,Neutral,banglasarc3,1,0
শিক্ষা প্রতিষ্ঠান বন্ধ করে দেওয়া হোক,0,Non-Sarcastic,banglasarc3,0,0
একটু উন্নতি আপনাদের সহ্য হয় না,0,Non-Sarcastic,banglasarc3,0,0
বিয়ের আগে কোন ছেলে বা কোন মেয়ের সাথে যদি সম্পর্ক থাকে সেটা হল হারাম যেটা ইসলামের দৃষ্টিতে হারাম সেটা মানুষের দৃষ্টিতে জঘন্য আর আপনারা এই ধরনের নিউজ গুলো করেন যাতে করে উৎসাহিত হয়ে আরো প্রেম ভালোবাসার মগ্ন থাকতে পারে এর কাজগুলো বেশি বেশি করে তুলে ধরেন আপনার দেশের ভিতরে,0,Non-Sarcastic,banglasarc3,0,0
তোমারা তোহ ঘুমাইতা নাহ,2,Sarcastic,banglasarc3,2,2
জীবনে বাজারে না যাওয়া সাংঘাতিক,0,Non-Sarcastic,banglasarc3,0,0
রাষ্ট্রীয় সুযোগ সুবিধা নিয়ে ক্ষমতায় থেকে কিংস পার্টি তৈরি করা এটা বাংলাদেশের জনগণ কখনো মেনে নেবে না,1,Neutral,banglasarc3,1,0
আপু টি এর আগের বার বাবার এক্সের বাসায় গিয়েছিলো ভ্যালেন্টাইনস ডে তে এবার ওনার আম্মুর এক্সের বাসায় যাবে,2,Sarcastic,banglasarc3,2,2
আগে আমি ভেবেছিলাম মনে হয় আমার স্মৃতিশক্তি নষ্ট হয়ে গেছে এই ভিডিওটা আমার জীবনের সাথে মিলে গেছে আমি এই রোগে আক্রান্ত ছিলাম এবং এখনো আছি এটা খুব যন্ত্রণাদায়ক,1,Neutral,banglasarc3,1,1
সে আবার বড় বড় কথা বলে এই গুলা আবার পাবলিক খায়,0,Non-Sarcastic,banglasarc3,0,0
এরকম লোক পৃথিবীতে মনে হয় নাই,1,Neutral,banglasarc3,1,2
উদ্ভাবন ও প্রকৃতির সমন্বয়ে বিশ্বাস করে গ্রামীণফোন এমন পদক্ষেপ এরই প্রতিফলন,1,Neutral,banglasarc3,1,1
কিন্তু অল্পের জন্য চান্স হয় না,1,Neutral,banglasarc3,1,2
অত্যন্ত প্রিয় ব্যক্তিত্ব আমার আমি কেমিস্ট্রির সাথে কেমিস্ট্রি গড়ে তোলার পেছনের অনুপ্রেরণা হিসেবে তাঁকেই অনুসরণ করি অনেক ভালো লাগল লেখাটা পড়ে,1,Neutral,banglasarc3,1,1
আর বড় লসটা খাইছেন বিয়ে না কইরা,2,Sarcastic,banglasarc3,2,2
আর যাবোনা বেগুন তুলিতে,0,Non-Sarcastic,banglasarc3,0,2
এভাবে কতদিন একদিন জাতির ঘুম ভাংবে,1,Neutral,banglasarc3,1,0
রুমিকে বাংলায় পশ্চিমাকরণের কাজ শুরু করেছে এই ইতর বইতে নিশ্চিতভাবে দেখানো হবে এক চরম বিকৃত নাস্তিক্যমনা রুমিকে এই বইয়ের ব্যাপারে সতর্ক হওয়া উচিত বিকৃতমস্তিষ্কের এসব লেখকদের ব্যাপারে পদক্ষেপ আসা উচিত এটি যে সুফি স্পিরিটের বিরুদ্ধে একটি উদ্দেশ্যপ্রণোদিত চক্রান্ত সে ব্যাপারে কোনো সন্দেহ নেই সাবধান সতর্ক,1,Neutral,banglasarc3,1,0
এর জন্য ইউসুফ সরকারকে চরম বলে দিতে হবে,2,Sarcastic,banglasarc3,2,2
আপনার পোস্ট টা পড়ে মাত্র সার্চ করলাম সারাহ টেন্ডুলকার কে মেয়েটা কিউট আছে ভাল্লাগছে,1,Neutral,banglasarc3,1,1
নাস্তিক লেসবিয়ান এখনও সময় অাছে সঠিক পথে অাস জন্ম দাত্রী মা কে কেন ছোট করছিস তার কি অপরাধ,0,Non-Sarcastic,banglasarc3,0,0
ব্যবসায় হালাল একটি বিষয় আপনার পণ্য ভালো হলে মানুষ কিনতে বাধ্য,1,Neutral,banglasarc3,1,1
রাত ১২ টায় দিতে পারি না ফোন ১০ টায় যাই ঘুমিয়ে,2,Sarcastic,banglasarc3,2,2
ওরা অস্বীকার করেই যাবে মিথ্যা বলেই যাবে গুজব ছড়িয়েই যাবে উস্কানী দিয়েই যাবে চক্রান্ত করেই যাবে হুমকি দিয়েই যাবে এটা ওদের ডিএনএ তে আছে,1,Neutral,banglasarc3,1,0
সব ভাইরাল হওয়ার ধান্দা জাতে মাতাল তালে ঠিক,0,Non-Sarcastic,banglasarc3,0,0
আমি নিজে এর কতো ভুক্তভোগী,2,Sarcastic,banglasarc3,2,2
যারা এই নিউজ করে তাদের ও কাজ নাই আর সব ফালতু নিউজ এর জন্য মানুষ এখন সব মিডিয়া কে হলুদ মিডিয়া বলে দেশের মানুষের কল্যাণের জন্য ভালো নিউজ করেন,0,Non-Sarcastic,banglasarc3,0,0
এদেহি সেম আমার মত সাহস হ্যা,0,Non-Sarcastic,banglasarc3,0,2
সালার জন্ম থিক না,0,Non-Sarcastic,banglasarc3,0,2
শিক্ষা মানুষের সবচেয়ে বড় ধন,1,Neutral,banglasarc3,1,1
যারাই বলবে পৃথিবী চ্যাপ্টা তাদের সাথেই লড়াই হবে তামিমের হাতিয়ার গর্জে উঠুক আরেকবার,2,Sarcastic,banglasarc3,2,0
এই ক্ষমা চাওয়াটাও আরেক রকম বাটপারি,0,Non-Sarcastic,banglasarc3,0,0
সত্য বলতে বুঝ হবার পর থেকে এই ইতিহাস যতবার সামনে এসেছে আমার কেন যেনো কান্না হয়েছে প্রত্যেকবারই,1,Neutral,banglasarc3,1,1
এই বেডি কি গালি দিতে জানে না নাকি,2,Sarcastic,banglasarc3,2,2
আমি সবগুলোয় কাকা বলি বাবা বাদে,0,Non-Sarcastic,banglasarc3,0,2
আমার কাছে তো আইসিসি টুর্নামেন্ট থেকেও আইপিএল বেটার লাগে আইপিল খেলার লেভেলটাই অন্যরকম সেই মজা পাই,1,Neutral,banglasarc3,1,1
আশুলিয়া বেরিবাধের উত্তর পাশ্বে ঠিক এমনই একটি প্রতিষ্ঠান করে রেখেছে নদী দখল করে ভরাট করে ফ্যাক্টরীর কাজে ব্যবহার করছে দিব্বি দেখার কেউ নাই,1,Neutral,banglasarc3,1,0
সে সবখানে খেলতে পারতো তাইতো তার নাম ববি আল হাসান,2,Sarcastic,banglasarc3,2,2
ফেব্রুয়ারি মাসের ৩০ তাকিখ আমার প্রেমেকার দেখা পাবো,2,Sarcastic,banglasarc3,2,2
মাশাল্লাহ সৃষ্টিকর্তা আমাদের মাঝে কত কিছু না দিয়েছেন,1,Neutral,banglasarc3,1,1
টাকা ডালবেন কাপ না পেলে ও ফরেনার পাইবেন,2,Sarcastic,banglasarc3,2,2
ঐ যে কথায় বলেনা প্রদীপের নীচেই সবচেয়ে অন্ধকার থাকে ব্যাপারটা ঠিক সেইরকম আমরা ওপর থেকে শুধুমাত্র ওনার ভালো দিকটা দেখেছি কিন্তু দেখতে পাইনি,0,Non-Sarcastic,banglasarc3,0,1
মা সবসময় সন্তানের জীবন সহজ করতে চান,1,Neutral,banglasarc3,1,0
পোস্টদাতা তো গোল্ডেন ফেইল দেখতেছি,2,Sarcastic,banglasarc3,2,2
বাচ্চার বাবা বানানোর জন্যে খোজতেছে নতুন নায়ক,2,Sarcastic,banglasarc3,2,2
তারা নিজস্ব অপারেটিং সিস্টেম ইউজ করে তাদের সময় নাই উইন্ডোজ এর ঢং দেখার,2,Sarcastic,banglasarc3,2,0
ইয়াশা কে বাংলাদেশে রাখলে দেশের পোলাপানের শরীরে শক্তি বল থাকবে না যতো দ্রুত সম্ভব কানাডা পাঠিয়ে দেওয়া হোক,2,Sarcastic,banglasarc3,2,0
আধুনিক যুগে পোস্টারিং ভালো লাগে না এর কোন বিকল্প নাই,1,Neutral,banglasarc3,1,1
ভাই এতো দেখি পুরাই আমার কাকার অবস্থা ভাই তাড়াতাড়ি বিয়ে টা করে নে না হয় বাকি টুকুও থাকবে না,2,Sarcastic,banglasarc3,2,2
পদ্মা সেতুর যত পিলার আছে সেগুলো সবগুলো উঠিয়ে নিয়ে তারপর জাদুঘরে নিয়ে সাজিয়ে রাখতে পারেন,0,Non-Sarcastic,banglasarc3,0,1
আর হেঁটে যাওয়ার সাহস হয় না,1,Neutral,banglasarc3,1,2
মানুষ দারিদ্র্যতায় আত্মহত্যা করেনা করে প্রাচুর্যে আর উদ্দেশ্যহীনতায়,1,Neutral,banglasarc3,1,1
আপনি পারবেন দেশের নাম উজ্জ্বল করতে,0,Non-Sarcastic,banglasarc3,0,0
আরে তোদের বিএনপি নেতা সালাউদ্দিন আহমেদ সেও বেআইনিভাবে ভারতে ঢুকে জেল খেটেছিল এখন মুক্ত হয়ে ভারত ওকে ঢাকায় পৌঁছে দিয়েছে তোদের দেশে কোন কিছু হলেই তারা ভারতে প্রবেশ করে আর সন্ত্রাসবাদীরা তো আছেই প্রতিদিন ধরা পড়ছে ভারতে,0,Non-Sarcastic,banglasarc3,0,0
ভালোবাসা তখনই টিকে থাকে যখন দুই পক্ষই চেষ্টা করে,1,Neutral,banglasarc3,1,1
এজন্য দুটো নিয়ে মাথা ঘামানোই বাদ দিয়েছি,1,Neutral,banglasarc3,1,2
তিমি মাছের গলা দিয়ে একটা ফুটবলের বেশি কিছু যায়না ভুল করে খেয়ে ফেলছিল,1,Neutral,banglasarc3,1,2
যত্নের অভাবে তা সাদা কালো জীবনে তা আমরা বুঝতে পারছি,1,Neutral,banglasarc3,1,1
স্ত্রীকে টাকা আয় করে দিতে বলেন স্বামী সবসময় পাশে থাকবে সংসার চালিয়ে যেতে বলেন স্বামী সবসময় পাশে থাকবে দায়িত্ব তো আর নেওয়া লাগে না এজন্য এত আবেগ বাস্তবতা ছাড়া জীবন চলে না আবার এক সাথে স্ত্রীর সাথে থাকলে সংসারের অশান্তিও হয় স্ত্রীর সাথে থাকলে ভালো থাকা যায় কে বলেছে বরং নারী তার যৌন লালসা পূরণের জন্য এই কথাগুলো বলছে নিজের স্বার্থের কারণে এই মজাদার কথাগুলো বলছে,0,Non-Sarcastic,banglasarc3,0,0
সাইফকে কলা খাইয়ে নিজে বাইরে এসে খেলেন সিঙারা সমুচা এরপর শাকিব খালের পেট খারাপ হবে পরে সেও হাসপাতালে ভর্তি হবে এরপর সাইফ তাকে দেখতে গিয়ে কলা খাইয়ে নিজে সিঙারা সমুচা খেয়ে পুনরায় অসুস্থ হবে পরে শাকিব কিং খাল তাকে দেখতে যাবে,2,Sarcastic,banglasarc3,2,2
নিম্ন শ্রেণীর পশু পাখি মানুষের কথা বোঝে দেশের মানুষ কী বলছি দুই নেত্রী বুঝতে পারছেন না,0,Non-Sarcastic,banglasarc3,0,0
এই গল্পটা পড়ে বুঝলাম জীবনের প্রতিকূলতাগুলো আসলে আমাদের আরও শক্তিশালী করে তোলে উনার সফলতা আমাদের সবার জন্য একটা শিক্ষা,1,Neutral,banglasarc3,1,1
মেধাবীদের চাকরিতে সুযোগ নিশ্চিত করতে কোটার বাইরে মেধা কোটাও রাখা উচিত,0,Non-Sarcastic,banglasarc3,0,1
নেতৃত্বের গুণাবলি এবং তাদের কার্যক্রম নিয়ে এ ধরনের বিশ্লেষণ সবসময় দরকারি,1,Neutral,banglasarc3,1,1
পরে নিজের চোখে দেখে শুধু অবাক ই হয়েছি,2,Sarcastic,banglasarc3,2,1
সরকারি হাসপাতালের অপ্রতুল জনবল এবং অতিরিক্ত রোগীর চাপ ডাক্তার ও নার্সদের জন্য সেবা দেওয়া চ্যালেঞ্জিং করে তোলে,0,Non-Sarcastic,banglasarc3,0,1
তারার ঝলকে চাঁদ দেখা যাচ্ছে না,2,Sarcastic,banglasarc3,2,2
মাছের পরিবর্তে কচুর ডাইগি কচুর পাতার ডাঙটি খাওয়ার পরামর্শ পাইতাম,2,Sarcastic,banglasarc3,2,2
স্টেটমেন্ট টা ঠিক হয় নাই আসলটা হইল ফ্যাসিস্ট খুনি যত বেশি বেয়াক্কেলপনা দেখাবে তারচেয়ে শতগুন বেয়াক্কেলগিরি দেখাইতে আমরা সামনের দিকে এগিয়ে আসবো ইনশা আল্লাহ,2,Sarcastic,banglasarc3,2,0
এই ডায়ালগ শুনতে শুনতে আমার জীবন গেল,0,Non-Sarcastic,banglasarc3,0,2
যত বিজ্ঞানীর নাম শুনেছি তার মধ্যে সব থেকে সেরা হচ্ছে নিকোলাস টেসলা,1,Neutral,banglasarc3,1,1
বিষটি তাড়াতাড়ি আটকাতে হবে নয়তো আজ অন্য রোবটকে নিয়ে গিয়েছে কাল প্রোগ্রামারের বউকে নিয়ে যাবে না তার গ্যারান্টি কি,1,Neutral,banglasarc3,1,2
জামায়াতের আমীর পাইলট কেন ওদের কে ফেলে দিয়ে জামায়াত দেশ কে শান্তিপূর্ণ বানাইতেছে মদন,2,Sarcastic,banglasarc3,2,0
আপনার নাম দিয়ে কে পোস্টার বানিয়েছে তা একটু দেখান আমাদের নিজে পোস্টার বানান আরেকজনের নাম দেন আপনি কি দুটানায় ভোগেন নাকি সরাসরি আওয়ামী লীগের বিরুদ্ধে বলতে কষ্ট লাগে না লজ্জা লাগে,0,Non-Sarcastic,banglasarc3,0,0
ভাই সমালোচনার জন্য বাংলাদেশ চ্যাম্পিয়ন হবে,2,Sarcastic,banglasarc3,2,2
এদেশে নোংরামৃত প্রথম আলো ডেইলি স্টার এরাই আনছে,2,Sarcastic,banglasarc3,2,0
জীবনে বড় কিছু করার জন্য ছোট ছোট পদক্ষেপ নিতে হয়,1,Neutral,banglasarc3,1,1
আমি গরিব না সরকারি চাকরি করি গায়ে লাগেনা,2,Sarcastic,banglasarc3,2,2
ছাত্রদলের কেন্দ্রীয় সাংগঠনিক সম্পাদক কেউ এসব ফালতু ও বিতর্কিত কর্মসূচিতে যায়,0,Non-Sarcastic,banglasarc3,0,0
কল্পনার জন্য সবাই মিলে যা করলেন তা প্রশংসার যোগ্য,1,Neutral,banglasarc3,1,1
এতো সংক্ষিপ্ত জীবনের আশ্চর্য সৌন্দর্য উপলব্ধি করতে পারলাম অসাধারণ সুন্দর বক্তব্যটি,1,Neutral,banglasarc3,1,1
নাস্তিক আস্তিক যে যাই হোক ফেবুতে এসে সবাই সাফা কবিরকে ভইরা গালি গালাজ কইরা দো জাহানের অশেষ সওয়াব হাসিল করবার চাইতেসেন আর মনে মনে পুলকিত হইতেসেন কি এক বিশাল সওয়াবের কাজ করলাম মনে সুপ্ত বাসনা আল্লাহ যে কোন ভাল কাজের বিনিময়ে আল্লাহ ইচ্ছা করলে জান্নাত দিবেন যদি এটাকেও ভালো কাজ হিসেবে ধরা হয় তাইলেই কেল্লা ফতে জীবনে তো পাপ কম করি নাই ভাই বইন থামেন কুরআনের ছোট একটা সুরা সুরা কাফিরুনের বাংলা অনুবাদ পইড়েন আর ইসলাম ধর্মতে কোথায় গালি দিয়া সুপথে আনার কথা বলা আসে এটাও বইলেন আল্লাহ আমাদের সবাইকে সঠিকভাবে পড়াশোনা করে সালমান রুশদীর না জেনে ইসলাম চর্চা করার আর মানুষকে ইসলামের দিকে সহিহ ভাবে দাওয়াতের তৌফিক দান করুন আমিন,0,Non-Sarcastic,banglasarc3,0,0
পালিয়ে যাওয়া মেয়েরে নাকি যৌতুক দেয়া লাগে আগে জানলে মেয়েরে পালাইতে দিতাম না,2,Sarcastic,banglasarc3,2,2
স্টিভ জবস মার্ক জাকারবার্গ কিংবা বিল গেটসের মতো ব্যক্তিরা সরল জীবনযাপন করেছেন কিন্তু তারা এর মাধ্যমে সমাজে বিশাল প্রভাব ফেলেছেন,1,Neutral,banglasarc3,1,1
সুন্দর কথা লিখেছেন বাস্তবসম্মত লেখা,1,Neutral,banglasarc3,1,1
পরোটা শিল্পে নবোজাগোরণ আনা দুই কান্ডারীর নাম কী,2,Sarcastic,banglasarc3,2,2
মান সম্মান সবকিছুর ঊর্ধ্বে,1,Neutral,banglasarc3,1,0
একই সেমিনারে মানুষ এবং অমানুষের তফাৎ দেখুন বিষয়টা অনেকেরই অজানা বাংলাদেশী বংশদ্ভূত নিউজিল্যান্ডের নাগরিক প্রেসিডেন্ট ট্রাম্পের কাছে যেখানে প্রিয়া সাহা নিজ দেশের নামে একগাদা বানোয়াট মিথ্যা তথ্য দিয়ে এসেছেন নিজ অথবা দলীয় স্বার্থের লোভে বিক্রি করেছেন দেশকে সেই অনুষ্ঠানেই অনন্য নজির স্থাপন করে এসেছেন একজন মুসলমান তিনি বাংলাদেশী বংশোদভূত নিউজিল্যান্ডের বাসিন্দা ফরিদ আহমদ অন্যদের পাশাপাশি তিনিও ট্রাম্পের সঙ্গে দেখা করার সুযোগ পেয়েছিলেন নিউজিল্যান্ডে সাম্প্রদায়িক সম্প্রীতি তুলে ধরার জন্য তিনি সংখ্যালঘু মুসলমান হয়ে নিজ দেশ নিউজিল্যান্ডের বিস্তর প্রশংসা করেছেন সাম্প্রতিক সময়ে ঘটে যাওয়া ক্রাইস্টচার্চ মসজিদে হামলায় তাজা ঘা নিয়েই তিনি সেখানে উপস্থিত হয়েছিলেন যে হামলায় ফরিদ আহমদের স্ত্রীও শহীদ হয়েছেন কিন্তু সেটি নিয়ে বিরুপ কোনো বিষয় উপস্থাপন করা তো দূরে বরং ট্রাম্পকে ধন্যবাদ দিয়েছেন সে হামলার পর তাদের সহযোগিতামূলক মনোভাবের জন্য ফরিদ আহমদের এমন ভূমিকায় প্রসংশা করেছেন নিউজিল্যান্ডের প্রধানমন্ত্রী জাসিন্দা আরডান বলেছেন ফরিদ আহমেদ এমন একজন মানুষ যিনি মানবতাকেই এগিয়ে নিয়ে যাচ্ছেন মজার,0,Non-Sarcastic,banglasarc3,0,0
ডিপ্লোমা ইঞ্জিনিয়ার যারা তাদের কাছে একটা প্রশ্ন ভাই ডিস্ক্রিট ম্যাথ আর নিউমেরিক্যাল এনালাইসিস কি,0,Non-Sarcastic,banglasarc3,0,1
সিলেবাস শেষ হয়েছে,1,Neutral,banglasarc3,1,1
পোষ্টদাতা মনে হয় নতুন এডমিট হইছে,2,Sarcastic,banglasarc3,2,2
সাকিব আল হাসান সৈরাচারের সঙ্গী এজন্য তাঁকে জনগণের কাছে মাফ চাইতে হবে,0,Non-Sarcastic,banglasarc3,0,0
অন্ধ বেক্তিদের জন্য এগুলো,0,Non-Sarcastic,banglasarc3,0,2
প্রযুক্তি আমাদের নতুন জিনিস শেখায়,1,Neutral,banglasarc3,1,1
আমাদের নিয়ে মজা করবেন না খুবি বিরক্তিকর এই অভিনয় করা,2,Sarcastic,banglasarc3,2,0
আজ কেউ চায়ের দাওয়াত দেয় না বলে যেতে পারি না,2,Sarcastic,banglasarc3,2,2
সাধারণ একটা ভাষার জন্য কেন মানুষ ১৯৫২ সালে জীবন দিয়েছিলো এই বক্তৃতা শোনার পর কিছুটা আন্দাজ করতে পারলাম,1,Neutral,banglasarc3,1,1
ভিডিও টা আমিও যখন দেখছিলাম আমিও এটাই ভাবছিলাম হায়রে সৌন্দর্য,0,Non-Sarcastic,banglasarc3,0,1
ফুল সরালেই মধু,2,Sarcastic,banglasarc3,2,2
টাকা দিয়ে প্রশ্ন কিনে চাকরি কনফার্ম করেছিল এখন বাতিল হলে কষ্ট লাগবেই,2,Sarcastic,banglasarc3,2,2
ভাই আপনার ফোন নাম্বারটা দিবেন কমেন্টে গালি দিলে আত্মীয় স্বজন দেখে,2,Sarcastic,banglasarc3,2,2
সবই মানলাম তবেই শুনেছিলাম মানুষ কাঁদলে চোখে দিয়ে পানি পড়ে আর আপা কাঁদলে আমার বুজে আসে না,2,Sarcastic,banglasarc3,2,2
ভারতের উগ্র হিন্দুত্ববাদ এবং মুসলিমবিদ্বেষ অবশ্যই পরিহার করতে হবে,0,Non-Sarcastic,banglasarc3,0,0
এমন কপাল ওয়ালা জি এফ পাইলে তো জীবন লাল,2,Sarcastic,banglasarc3,2,2
একমাত্র শেখ হাসিনার কাছেই এইদেশের মানুষ নিরাপদ মানুষ তার ভুল বুজতে পেরেছে,2,Sarcastic,banglasarc3,2,0
এটাতো ঢাকা বিশ্ববিদ্যালয়ের কলাভবনের ওয়াশরুম মনে হচ্ছে,2,Sarcastic,banglasarc3,2,2
ডাক্তার হিসেবে আপনাকে শ্রদ্ধা করি কিন্তু বাংলাদেশের নোংরা রাজনীতিতে আসবেন সেটা দুঃখজনক,0,Non-Sarcastic,banglasarc3,0,0
আমার বন্ধু নায়িকা পপির পাশে দাড়াতে চায়,2,Sarcastic,banglasarc3,2,2
টাকার কাছে সব ঠিক টাকা দিতে পারলে বাবা মা ভাই বোন সবার সাথেই সম্পর্ক মধুর হয় এটাই স্বাভাবিক,0,Non-Sarcastic,banglasarc3,0,1
আপনি বোধয় বিছার বুদ্দি দেশে রেখে গেছেন একটু বিশ্লেষণ বুদ্ধি যাদের আচে তারাও বুজবে আপনি আবালের বেরেন নিয়া গুরেন,0,Non-Sarcastic,banglasarc3,0,0
স্টাইলের জন্য নিজের স্বস্তি ছাড়বেন না,1,Neutral,banglasarc3,1,0
মা সন্তানের জীবনের সবচেয়ে বড় আশীর্বাদ,1,Neutral,banglasarc3,1,0
লতিফুর রহমানের মৃত্যুর পর তার পরিবারের মধ্যে যে বিভক্তি সৃষ্টি হয়েছে তা সত্যিই হতাশাজনক,1,Neutral,banglasarc3,1,1
বরিশাল বাংলাদেশের দক্ষিণাঞ্চলের একটি প্রধান শহর,1,Neutral,banglasarc3,1,1
মানুষ আগুন লাগলেও এই পরিমাণ পানি পানি করে না ফখরুল সাহেব যে পরিমাণ নির্বাচন নির্বাচন করছেন,2,Sarcastic,banglasarc3,2,2
ইসলামিক জ্ঞান অর্জন করতে এই ধরনের পেজে যুক্ত হওয়া খুবই ভালো আল্লাহ আমাদের সবাইকে হেদায়েত দিন,0,Non-Sarcastic,banglasarc3,0,1
প্রাণঢালা ভালোবাসা ভাইটির জন্য,0,Non-Sarcastic,banglasarc3,0,0
তোমার পড়ার দরকার নাই,2,Sarcastic,banglasarc3,2,2
সামাজিক বাস্তবতা ভেদে মানুষের চিন্তাভাবনাও পরিবর্তিত হয়,1,Neutral,banglasarc3,1,1
শুধুমাত্র কাগজের সার্টিফিকেট দিয়ে আজকাল চাকরি পাওয়া কঠিন,0,Non-Sarcastic,banglasarc3,0,0
গুম কমিশনের উচিত এগুলো ভিডিও আকারে ডকুমেন্ট করে পাবলিশ করা অপরাধীদের নাম পরিচয় সহ,0,Non-Sarcastic,banglasarc3,0,1
টিভি দেখা কমিয়ে দিছি,0,Non-Sarcastic,banglasarc3,0,2
আমিও চাই এই আয়নাঘর দেখতে যারা পরিবার ছাড়া এই ঘরে কাটিয়েছে বছরের পর বছর স্বৈরাচার শেখ হাসিনার নির্মম অত্যাচারে,0,Non-Sarcastic,banglasarc3,0,0
নিশ্চয় মার্ক জুকারবার্গ এর সাথে বিল গেটস এর কোনো বিবাদ হয়েছে নাহলে সে এতদিন কয় ছিল,2,Sarcastic,banglasarc3,2,2
প্রিন্সেস লাকী খান,1,Neutral,banglasarc3,1,2
দুইয়ে মিলে প্রযুক্তি শিক্ষিত বাংলাদেশি পাঠকদের একটা বড় অংশকে আকর্ষণ করতে সক্ষম হন অনলাইনের এই লেখকেরা,1,Neutral,banglasarc3,1,1
পড়াশোনা করে কি করলাম,2,Sarcastic,banglasarc3,2,2
সে প্রেমে পড়েছে,2,Sarcastic,banglasarc3,2,0
আসিফ নজরুল স ্যারের জিম্মায় তার শাশুড়িকে ছেড়ে দিলো ডিবি,2,Sarcastic,banglasarc3,2,2
চিঠি দিও প্রিয় এই সহরে স্কিনশট ভাইরাল হয়ে যায়,2,Sarcastic,banglasarc3,2,2
কোটা দিয়ে সিজি তোলা যায় না,2,Sarcastic,banglasarc3,2,2
আমার দেখা অপূর্ব সুন্দরী তুমি যার কথা সুন্দর নয় সে কখনও আমার বিচারে সুন্দর নয় আমি যদি আজ বিদ্যালয়ের ছাত্রী হতাম তবে তুমিই আমার উপযুক্ত বান্ধবী হতে বিশ্বাস করো,1,Neutral,banglasarc3,1,0
আল্লাহ সবাইকে হিংসা ও বিদ্বেষ থেকে মুক্ত রাখুন,0,Non-Sarcastic,banglasarc3,0,1
আসল ১০০৬ চেয়ার সরকারি কারাগারে এবং কারাগার সম্পর্কিত চলচ্চিত্র দৃশ্যে ব্যবহারের কারণে ইউরোপে প্রায় এটিকে কারাগার চেয়ার বলা হয়,1,Neutral,banglasarc3,1,1
মেথর কিভাবে বুঝবে আতরের গন্ধ,2,Sarcastic,banglasarc3,2,2
সুতরাং ঐগুলো তাদের বাড়ীঘর যা তাদের জু লু মের কারণে বিরান হয়ে পড়ে রয়েছে নিশ্চয় এর মধ্যে নিদর্শন রয়েছে সে জাতির জন্য যারা জ্ঞান রাখে,1,Neutral,banglasarc3,1,0
কাচ্চি ডাইনের নামে মামলা করা উচিৎ রিপন মিয়ার,0,Non-Sarcastic,banglasarc3,0,2
বাংলাদেশের মফস্ সল অঞ্চলগুলো যেখানে বইবিপণি বলতে মূলত বোঝায় স্টেশনারি দোকান সেসব জায়গার পাঠকদের জন্য এই অনলাইন দোকানগুলো সুযোগ করে দিচ্ছে সদ্য প্রকাশিত বইয়ের সঙ্গে থাকার,1,Neutral,banglasarc3,1,1
আমি একজন হিন্দু হিসেবে বলছি নবীকে কটুক্তির তীব্র নিন্দা জানাচ্ছি সকল ধর্ম শান্তির ধর্ম,0,Non-Sarcastic,banglasarc3,0,0
সকাল সকাল খালি গায় আপনার ঠান্ডা লাগে না৷,1,Neutral,banglasarc3,1,2
ছাত্র আন্দোলনের অন্যতম সহযোদ্ধা তার সাথে এগুলো মানায় না,0,Non-Sarcastic,banglasarc3,0,0
আজ একটা বউ নেই বলে বলতে পারলাম না,2,Sarcastic,banglasarc3,2,2
আমার চেয়ে পড়ালেখায় ভালো,1,Neutral,banglasarc3,1,2
ছাত্রদল এমন ফালতু পপুলিস্ট ইস্যুতে রাজনীতি করবে তা কল্পনাও করিনি,0,Non-Sarcastic,banglasarc3,0,0
আমার মা কয় রাইত কইরা কিয়ের এত কথা ছেরিগো লগে কথা কস নি,0,Non-Sarcastic,banglasarc3,0,2
দেখেন দক্ষিণ এশিয়ার সোনার মানুষেরা আমেরিকা আর মিডিলইস্ট এর মধ্যে প্রার্থক্য,1,Neutral,banglasarc3,1,0
ফ্যাসিবাদের সকল চিহ্ন চিরতরে বিলুপ্ত না হওয়া পর্যন্ত এই প্রজন্ম ঘুমাবে না ইনশাআল্লাহ তরুণদের এই ঐক্য অসৎ রাজনীতিবীদদের জন্য শক্তিশালী রিমাইন্ডার,0,Non-Sarcastic,banglasarc3,0,1
আজকে আপায় থাকলে পোস্টকারীর স্থান হতো আয়না ঘরে,2,Sarcastic,banglasarc3,2,2
স্যার আমার জীবনে পরিবর্তন আসতেছে আপনার ভিডিও দেখে আমি স্মার্ট ফোন ব্যবহার করিনা প্রায় ৩ মাস আলহামদুল্লিাহ একদিন সফলতা আসবে আমার জীবনে আপনার জন্য অনেক দোয়া রইলো,1,Neutral,banglasarc3,1,1
হাতে সময় থাকলে সিকুয়েলটা দেখতে ভুলবেন না গল্পের প্রতি আগ্রহ বাড়বে,1,Neutral,banglasarc3,1,1
দামড়া হইয়া পিচ্চি বিয়ে করবেন আবার জ্বালাও সহ্য করবেন না হিপোক্রেসির একটা লিমিট আছে ভাই,0,Non-Sarcastic,banglasarc3,0,0
সত্যি টা বলুন নিজেকে সেইব করার জন্য মিত্যা বললে মানুষ বুঝবে কেমন হতে পারে আপনিই পল্টি নিছেন আজকাল মানুষকে বিশ্বাস করা বড়ো কঠিন কাজ মানুষ এখন সবচেয়ে বড় আশ্রয় টা নেয় মিত্যার,0,Non-Sarcastic,banglasarc3,0,0
ভাই আমি অনেক এক্সাইটেড ছিলাম যে বিয়ের আগে বিয়ের রাকাত নফল নামাজ পড়ব ওযু করে রেডি ছিলাম কিন্তু কাজী আসার পর বলছে এখন সময় নাই এখন নামায পড়তে হবে না আর আমার নামাজ পড়া হলো না তারপর আমি কনফিউজড ছিলাম বিয়ে পরিপূর্ণ ভাবে হইছে তো,1,Neutral,banglasarc3,1,1
ভাই ব্যাগ প্যাক করেছেন একদম থেকে যাবেন বুঝি,2,Sarcastic,banglasarc3,2,2
ভাইয়ারে একদিন আমি ইয়ারপোট এ দেখে ফেলেছিলাম তার গফ এর সাথে,1,Neutral,banglasarc3,1,2
পুরুষ সব কষ্ট বুকে চাপিয়ে রেখেও হাসতে জানে,0,Non-Sarcastic,banglasarc3,0,1
এই গাড়ি রাস্তায় নামানোর আগে ঢাকা শহরের রাস্তাগুলো খানাখন্দে ভরা এগুলো আগে সংস্কার করা দরকার ড্রেন করার জন্য যে সকল রাস্তা খনন করা হয়েছিল গত এক বছর যাবত এগুলা মেরামত করা হয় নাই যার জন্য সাধারন মানুষের প্রচণ্ড পোহাতে হচ্ছে,0,Non-Sarcastic,banglasarc3,0,0
দাঁড়ি কেটে ফেলায় সালমান এফ রহমান কে যখন চেনা যায় নাই কেবল তখনই এই সিনেমা আমার কাছে বিশ্বাসযোগ্য হতে পারে এমন সেন্স মেইক করেছে,2,Sarcastic,banglasarc3,2,1
যেই স্বৈরাচার ও সন্ত্রাসীদের পক্ষে কথা বলবে থাকেই শাস্তির আওতায় আনা উচিত,1,Neutral,banglasarc3,1,0
শুভ কামনা ডিয়ার তোমার জন্য,0,Non-Sarcastic,banglasarc3,0,0
মারাত্মক একটা রোগ আজ ১৪ বছর যাবৎ ভুগতেছি একমাত্র ভুক্তভোগী জানে জীবন কত কঠিন আমরা পরস্পর পরস্পরের জন্য দোয়া করি,1,Neutral,banglasarc3,1,0
ভেঙ্গে পরলে চলবে না জীবনে হতাশ হলে চলবে না জীবনের সবকিছু করেছেন আল্লাহর রাহে এই চিন্তা করে মন থেকে সকলকে ক্ষমা দিন অন্তত নিজের কাছে সৎ থাকুন ভালো থাকুন সবসময় আল্লাহ সবাইকে ভালো রাখুন,1,Neutral,banglasarc3,1,1
অনেকে লজ্জায় বলতে পারছে না তবে বাইডেনের হাতেই ভারতীয়রা নিরাপদ ছিল বলিউড ডিরেক্টররা স্ক্রিপ্ট হাতে নিলে ট্রাম্প পালানোর জায়গা পাবে না,2,Sarcastic,banglasarc3,2,2
স্ত্রীকে টাকা আয় করে দিতে বলেন স্বামী সবসময় পাশে থাকবে সংসার চালিয়ে যেতে বলেন স্বামী সবসময় পাশে থাকবে দায়িত্ব তো আর নেওয়া লাগে না এজন্য এত আবেগ বাস্তবতা ছাড়া জীবন চলে না আবার এক সাথে স্ত্রীর সাথে থাকলে সংসারের অশান্তিও হয় স্ত্রীর সাথে থাকলে ভালো থাকা যায় কে বলেছে বরং নারী তার যৌন লালসা পূরণের জন্য এই কথাগুলো বলছে নিজের স্বার্থের কারণে এই মজাদার কথাগুলো বলছে,0,Non-Sarcastic,banglasarc3,0,0
যাঁরা বঙ্গবন্ধুর ফ্যান তাঁদের কাছে শেখের বেটি আমানত,2,Sarcastic,banglasarc3,2,2
পারিবারিক শিষ্টাচার ও সামাজিক মূল্যবোধের অবক্ষয়,1,Neutral,banglasarc3,1,1
বানর হইতে পারে,0,Non-Sarcastic,banglasarc3,0,2
এরা দেশের সম্পদ এরা দেশের গজব,0,Non-Sarcastic,banglasarc3,0,0
২ ১ জন ইন্টেনশনালি ভাড়া নিয়ে ঝামেলা করলেও বেশিরভাগ চাকুরীজীবী ঝামেলায় আছে ভাই সংসার চাকরি প্রমোশন অফিস পলিটিক্স দ্রব্যমূল্য বাসাভাড়া মেডিসিন বাচ্চাদের পড়াশোনা আমি আর লিখতে পারছি না ভাই,1,Neutral,banglasarc3,1,0
৭০ না ৬০ টাকা ৬০ টাকা ডেলিভারি চার্জের জন্য হাজার হাজার টাকা দিয়ে বাসা নিয়ে ঢাকায় থাকি,2,Sarcastic,banglasarc3,2,2
চাকরি কখনই কমবে না শিল্প বিপ্লবের পরে অনেকের ধারণা ছিল চাকরির বাজার শেষ কিন্তু দিন শেষে চাকরির বাজার সম্প্রসারণ হয়েছে বর্তমানে এক ডিজিটাল মার্কেটিংকে কেন্দ্র করে কতগুলো চাকরির ক্ষেত্রে তৈরি হয়েছে কল্পনা করা যায় মানে যুুগের সাথে তাল মিলিয়ে আপনার স্কিল ডেভলপ করতে হবে এটাই আসল কথা,0,Non-Sarcastic,banglasarc3,0,0
শান্তির জন্য নিজের পছন্দকে বেছে নিন,1,Neutral,banglasarc3,1,0
মূলত সবচেয়ে বড় কথা হলো আমি যদি নিজে থেকে না বদলায় তাহলে যতই মোটিভেশন ভিডিও দেখিনা কেনো নিজেকে পরিবর্তন করা সম্ভব নয়,1,Neutral,banglasarc3,1,1
ব্যাকরণ এবং রচনা বিষয়ে যে পরামর্শ দেওয়া হয়েছে সেটা সত্যিই কার্যকর হতে পারে,1,Neutral,banglasarc3,1,1
যারাই বলবে পৃথিবী চ্যাপ্টা তাদের সাথেই লড়াই হবে তামিমের হাতিয়ার গর্জে উঠুক আরেকবার,2,Sarcastic,banglasarc3,2,0
যারাই ফ্যাসিবাদের পক্ষে সমর্থন ব্যক্ত করবে ওদেরকে ধরিয়ে দিন আপনার চোখে অপরাধী পুলিশ কর্মকর্তাদের অপরাধ প্রকাশ করে ভাইরাল করে দিন,0,Non-Sarcastic,banglasarc3,0,0
ইতিহাসের অন্যতম সেরা বিপিএল দেখলাম,2,Sarcastic,banglasarc3,2,1
তোমার উপস্থাপনাটি ভালো হতে পারতো যদি তুমি যথেষ্ট গবেষণা করতে এবং মূল বিষয়গুলোর ওপর জোর দিতে তবে তুমি অনেক গুরুত্বপূর্ণ তথ্য এড়িয়ে গিয়েছ যা পুরো টিমের জন্য বিভ্রান্তি তৈরি করেছে পরের বার একটু বেশি প্রস্তুতি নিয়ে আসার চেষ্টা করো,0,Non-Sarcastic,banglasarc3,0,1
লেকচারের ভাষা সহজবোধ্য ছিল,1,Neutral,banglasarc3,1,1
এভাবেই নিজেকে পরিচিত করতে হয় এটা এখন কার ছেলেমেয়েরা বোঝে না,1,Neutral,banglasarc3,1,0
ভাই ২৪৫ টাকা দিমু দে না একটা খুইজা,2,Sarcastic,banglasarc3,2,2
এখন তো নিজেরা পালাচ্ছে আগামীতে আমাদেরকেও সাথে নিয়ে পালাবে,2,Sarcastic,banglasarc3,2,0
ছোটবেলায় ডক্টর কুদরত ই খুদা একজন বিজ্ঞানী শুনে চোখ বড় করেছিলাম,1,Neutral,banglasarc3,1,1
আর কোন দেশ থেকে রেমিট্যান্স যায় না শুধু দুই রুটের ভাড়া কমিয়ে বাকী দেশ গুলোর প্রবাসীদের সাথে কি বৈষম্য করা হচ্চে না,1,Neutral,banglasarc3,1,0
ইতিহাসের প্রতি আমার অনেক আগ্রহ আপনার প্রতিটি কনটেন্টই আমি এখন রেগুলার দেখি,1,Neutral,banglasarc3,1,1
সাইমাকে জয় বাংলা করে দেওয়া হোক,2,Sarcastic,banglasarc3,2,2
ছেলেটা সুবাকে জিগেস করছে তুমি শুবা ও বলেছে হ্যা এতে সুবার কি দোষ,2,Sarcastic,banglasarc3,2,2
এর পরেও তোমরা নারীর কোলাহলে মুগ্ধ হও,1,Neutral,banglasarc3,1,2
চা ওয়ালা থেকে প্রধানমন্ত্রী ঘু কালারের চুল কোয়েল থেকে কয়েল,2,Sarcastic,banglasarc3,2,2
গর্ত থেকে বের হওয়া এত সহজ হবে না,1,Neutral,banglasarc3,1,1
হেফাজত মানে সেক্স করা হা হা হা৷,0,Non-Sarcastic,banglasarc3,0,2
আফসোস লীগ ছাড়া আর কেউ এইসব করবে না,2,Sarcastic,banglasarc3,2,2
এই আবিষ্কার নিয়ে আরও গবেষণা দরকার কারণ এটি অনেক কিছুর ইঙ্গিত দেয়,1,Neutral,banglasarc3,1,1
কি ট্যালেন্ট রে বাবা ভাবা যায়,2,Sarcastic,banglasarc3,2,2
পরিক্ষা ছারাই বিসিএস চাই নাহলে ঈদে পরে কঠিন আন্দোলন গড়ে তোলা হবে বিদ্র আপনারা আপনাদেরকে হাস্যকর বানাইলেন এখন মানুষ দেখলেই ব্যঙ্গাত্মক ভাবে বলবে অমক ভার্সির নাকি,2,Sarcastic,banglasarc3,2,0
এদিকে যে আমারো মন খারাপ সেদিকে কারো খেয়াল নাই তাই না,2,Sarcastic,banglasarc3,2,2
রোগীর মা র মিথ্যা অভিযোগ নার্স ও ডাক্তারদের মধ্যে ভুল বোঝাবুঝি তৈরি করে তবে এটি সমাধান করতে সঠিক কমিউনিকেশনের প্রয়োজন,1,Neutral,banglasarc3,1,1
মুভির সবকিছুই বাস্তবে দেখা যাচ্ছে অতএব অদ্ভুত হওয়ার কিছুই নেই,0,Non-Sarcastic,banglasarc3,0,1
হাজার হাজার অনলাইন রিসোর্স ব্যবহার করে নিজেকে উন্নত করার সুযোগ কাজে লাগানো উচিত,0,Non-Sarcastic,banglasarc3,0,1
বিদেশি কাহিনির ছায়া অবলম্বনে রচিত তাঁর মাসুদ রানা এবং সেবা প্রকাশনীর আরও সব রহস্য রোমাঞ্চ সিরিজ নব্বইয়ের দশকে অবধারিতভাবেই থাকত বাংলাদেশি পড়ুয়াদের ঘরে,1,Neutral,banglasarc3,1,1
সিনেমার ক্লিপ দেখে বমি চলে আসলো ভুটকি অপু,2,Sarcastic,banglasarc3,2,2
আজ যদি একটা প্রিয় মানুষ থাকতো তাইলে আমি ও গোলাপ দিতাম,2,Sarcastic,banglasarc3,2,2
২০২৪ সালের ২০ নভেম্বর তাদের এই পণ্যটি বাজারে আসে এবং ইতোমধ্যেই দেশে এবং বিদেশে তারা অনেক অর্ডার পাচ্ছেন,1,Neutral,banglasarc3,1,1
এসো দাদা দিয়ে মুসলমানি করায় দিবো,2,Sarcastic,banglasarc3,2,2
সন্তানের ভালোবাসা মায়ের জন্য সবকিছু,1,Neutral,banglasarc3,1,0
সুনীল গঙ্গোপাধ্যায়ের বরুণার মতো এক তরুণী আমার জীবনেও এসেছিল,1,Neutral,banglasarc3,1,2
আলহামদুলিল্লাহ শুভ রাত্রি,2,Sarcastic,banglasarc3,2,0
আমি পরিপূর্ণ নই আমি সাধারণ একজন মানুষ তা সত্বেও যারা আমাকে গুরুত্ব দেয় মূল্য দেয় পাশে থাকে তাদের আমি মন থেকে ভালোবাসি শুভ সন্ধ্যা শুভেচ্ছা ও শুভকামনা রইলো সবার জন্য,1,Neutral,banglasarc3,1,1
জামাত ক্ষমতায় এলে নারীদের বোরকা পড়িয়ে এর উত্তম প্রতিশোধ নেয়া হবে পুরুষ অপমান মানি না মানবো না,2,Sarcastic,banglasarc3,2,0
বাংলাদেশর মানুষ যতক্ষণ না নিজ থেকে তাদের চরিত্র পরিবর্তন করবে তার আগ পর্যন্ত এদের কে পরিবর্তন করা অসম্ভব,1,Neutral,banglasarc3,1,0
সত্যি ভাই কথাটা শুনে মজা লাগলো ভালোবাসা রইল আপনার জন্য,0,Non-Sarcastic,banglasarc3,0,1
তোর বাপের টাকা সে বিয়ে করেছে তুই খাওয়াবি বেটা,0,Non-Sarcastic,banglasarc3,0,0
সত্যিই মানুষকে ভালো কাজে উৎসাহিত করলে সে কাজের সওয়াব আমাদেরও মিলবে এটা এক বিশাল সৌভাগ্য,0,Non-Sarcastic,banglasarc3,0,1
এরা এখন সেহেরি পারটি করতে পারেনা,0,Non-Sarcastic,banglasarc3,0,2
স্কোয়ার্ট গেমের এক প্লেয়ার অবসর টাইমে নাস্তা বিক্রি করতেছে ফুটপাতে,2,Sarcastic,banglasarc3,2,2
একা একা চুমু খেতে চাও তবে হাসিনার মতো নির্জন বাগানে যাও,2,Sarcastic,banglasarc3,2,2
বাংলাদেশ আওয়ামীলীগের প্রতিটি নেতা কর্মীকে অফুরান ভালবাসা এবং শ্রদ্ধা,0,Non-Sarcastic,banglasarc3,0,0
সামনে ভয়াবহ দিন আসছে লিখে রাখেন,0,Non-Sarcastic,banglasarc3,0,2
উভয়েরই রোষানলের আগুনে পুড়া ছাই পাওয়া যাবে বটে কিন্তু সে ছাইয়ে চাপা পড়ে যায় লাখো কোটি জনতার অন্তরে ধারণ করা হাজারো পুঞ্জিভূত আশার আলোকে বর্তিকা,0,Non-Sarcastic,banglasarc3,0,1
ভার্সিটিতে ভ ণ্ডা মির উপর কোনো সেমিস্টার থাকলে ডিনস অ্যাওয়ার্ড পাইতাম,2,Sarcastic,banglasarc3,2,2
এদিকে ইউক্রেন সিকিউরিটি সার্ভিসের তরফে দাবি করা হয়েছে তারা ঘটনাস্থলে যে ড্রোনটির ধ্বংসাবশেষ পেয়েছে তা ইউক্রেনে হামলার ক্ষেত্রে অহরহ ব্যবহার করে রাশিয়া,1,Neutral,banglasarc3,1,1
নাম্বার টা আমার বর ভাইয়ের অবস্থান একজন প্রবাসী জানে প্রবাস কি,1,Neutral,banglasarc3,1,2
রুচির দুর্ভিক্ষ হয়েছে নতুন বোতলে পুরনো মদ,2,Sarcastic,banglasarc3,2,0
আসেন কোলাকুলি করি,2,Sarcastic,banglasarc3,2,2
আম্মু যে দুই পিস দিতো সেটা তো মাংস না ভাই সেটা মায়ের ভালোবাসা মায়ের সন্তুষ্টি,0,Non-Sarcastic,banglasarc3,0,2
আল্লাহ না করুক আপনার পরিবার না থাকলে তাদের রিজিকের অংশ টুকুও আপনার ইনকাম থেকে চলে যেতে পারে,1,Neutral,banglasarc3,1,1
রাজনৈতিক কৌশলের ক্ষেত্রে আবেগ আর বাস্তবতা দুইটাই গুরুত্বপূর্ণ,1,Neutral,banglasarc3,1,1
আপনাদের জীবন যাপন সুন্দর হোক এই কামনা করি,0,Non-Sarcastic,banglasarc3,0,0
প্রিয় বন্ধু অনেক দূরে তুমি আছো,0,Non-Sarcastic,banglasarc3,0,0
সামান্য সবজি চাষ নিয়ে এত কথা,0,Non-Sarcastic,banglasarc3,0,0
থাক এই দুর্দশা কেটে গেলে যাওয়া যাবে,0,Non-Sarcastic,banglasarc3,0,0
এখন কি বুয়েটের সিভি রিজেক্ট করে ডিআইইউ এর সিভি নিবে কোম্পানি গুলো,2,Sarcastic,banglasarc3,2,2
এই বেডি থাইল্যান্ড কি এমন ভাবে রিপ্রেজেন্ট করতেছে যেনো এটা এশিয়া না ইউরোপের থাইল্যান্ড যদি পারত হাগু করতে গেলেও বলতো আমি থাইল্যান্ডের বাথরুমে হাগু করতেছি,2,Sarcastic,banglasarc3,2,2
সৌভাগ্যক্রমে শেষ মুহূর্তে স্পন্সর পাওয়া গেছে কিন্তু এরকম শেষ মুহূর্ত পর্যন্ত অনিশ্চয়তায় থাকলে একজন খেলোয়াড় মানসিকভাবে অনেক চাপের মধ্যে থাকে যেটা তার খেলায় বিরুপ প্রভাব ফেলতে পারে এটার একটা স্থায়ী সমাধান করতে হবে,1,Neutral,banglasarc3,1,1
তবে তাদের বিষয়ভিত্তিক কিছু সংখ্যা সাহিত্যামোদী পাঠকের মধ্যে এখনো আগ্রহ জাগায়,1,Neutral,banglasarc3,1,1
জ্বী না গরীব নারীরা সুগ্যার ড্যাডিদের সাথে থাকে এটা বোঝা উচিত,2,Sarcastic,banglasarc3,2,0
ইমন চামচা সব সময় পাশেই থাকে,2,Sarcastic,banglasarc3,2,2
সন্তানের সাফল্যের গল্প মায়ের কাছে একধরনের পুরস্কার,0,Non-Sarcastic,banglasarc3,0,1
এই চেহারা নিয়ে গোলাপ দূরে থাক কারো থেকে লাল শাকও আশা করিনা,2,Sarcastic,banglasarc3,2,2
দেশের মানুষের জীবন মানের উন্নতি হওয়া উচিত কিন্তু এমন পরিস্থিতি থেকে কি শান্তি আসবে,0,Non-Sarcastic,banglasarc3,0,1
সর্বশেষ পাওয়া খবরে জানা যায় মমতাজের ফাটা বুক জোড়া লাগে নি,2,Sarcastic,banglasarc3,2,2
মুজিব কিছু করে নাই দেশ স্বাধীন করছে জামায়াত,2,Sarcastic,banglasarc3,2,0
মিরপুরে একটি স্টার্টআপ অফিসে এমন ঘটনা প্রযুক্তি খাতের প্রতি আস্থার অভাব সৃষ্টি করে,0,Non-Sarcastic,banglasarc3,0,0
আমি তো মোবাইল কিনার সময় ফুল টাকা পেমেন্ট করেছি তারপরও এসব উল্টোপাল্টা পোস্ট আসে কেমনে,2,Sarcastic,banglasarc3,2,2
পাগলের সুখ মনে মনে,2,Sarcastic,banglasarc3,2,2
পকেটে টাকা থাকলে চেহারা এমনিতেই গ্লো করে,1,Neutral,banglasarc3,1,2
উষসী ব্যানার্জি অষ্টম শ্রেণিতে পড়ে বালিকা বিদ্যালয়ে,1,Neutral,banglasarc3,1,2
তামিম যখন ৫২ মিটারের ছক্কা মারছিলো তখন এক দল তামিমকে নিয়ে হাসাহাসি করছিলো আবার এখন যখন বাউন্ডারি নিয়ে কথা বললো এখনও তারা হাসাহাসি করতেছে এরা আসলে কোন ধরনের হিপোক্রেট,0,Non-Sarcastic,banglasarc3,0,0
এইটা হাসির বিষয় না আমারতো এখন ভয় করছে রবোট যদি আমাদের নিয়ন্ত্রন করতে চাই একটা মুভিতে দেখছিলাম যে রোবটে আবেগ চলে আসছিল সে মালিকের বউয়ের সাথে সম্পর্ক করতে চাচ্ছে মালিককে মেরে ফেলছে,0,Non-Sarcastic,banglasarc3,0,0
খোলা খাবারে অনেক মশা মাছি ইত্যাদি বসে যা দেখতে হয়তো আকর্ষণীয় বলবে অনেকেই কিন্তু আনহাইজিনিক খাবারের মূল্য কোনো সুশীল জ্ঞানী সুশিক্ষিত মানুষের কাছে থাকে না আর খাবার খুলে রাখার বিষয়টা যখন ইচ্ছাকৃত তখন সেটা তো আরও বেশি ভয়ংকরভাবে বর্জনীয়,0,Non-Sarcastic,banglasarc3,0,0
হাসিনা ইডেনের ছাত্রী সাত কলেজকে ঢাকা ইউনিভার্সিটির সাথে যুক্ত করে এবং ইডেনও যুক্ত করে ঢাকা ইউনিভার্সিটির পদক পেতে এই ছলনার আশ্রয় নেয় এই অন্য লেভেলের বাটপার ছিলো,2,Sarcastic,banglasarc3,2,0
যোগ্যতা থাকলে কাজের অভাব হয়না অভিনয় চাকরি সবই বাহ অসাধারণ,1,Neutral,banglasarc3,1,0
প্রত্যেক মানুষের জীবনযাত্রা আলাদা কেউ আগে শেখে কেউ পরে,0,Non-Sarcastic,banglasarc3,0,1
ধন্যবাদ ইউনিসেফ আমাদের সচেতন করার জন্য আমরা সবাই মিলে নিরাপদ ইন্টারনেট গড়ে তুলতে পারি,1,Neutral,banglasarc3,1,1
এটা একটা বন্ধুগত চক্রান্ত হতে পারে৷ তবে এর দায়ভার কোনভাবেই আমার উপর পড়ে না,2,Sarcastic,banglasarc3,2,1
কিছু জিনিস ভুলে যাও এবং ক্ষমা করো কারণ যারা ক্ষমা করতে জানে তাদের জন্য আল্লাহর পক্ষ থেকে রয়েছে অনন্ত পুরস্কার মনে রেখো ক্ষমা মহানুভবতার শ্রেষ্ঠ রূপ যা হৃদয়কে শান্তি আর জীবনে বরকত এনে দেয় বিবাদ হিংসা এবং প্রতি শোধ শান্তি আনতে পারে না অশান্তি বৃদ্ধি করে,1,Neutral,banglasarc3,1,1
ভাইয়া আপনার বুঝানোর দক্ষতা অনেক অনেক ভালো,1,Neutral,banglasarc3,1,1
আমি চাই ফেব্রুয়ারি মাসটা যেনো ১৩ তারিখ এই শেষ হয়ে যায়,2,Sarcastic,banglasarc3,2,2
রুটি বেশি ফুলে গেছে ফাইটা যেতে পারে,2,Sarcastic,banglasarc3,2,2
টাকা পরিশোধ করছে জন্যই হেরেছে,2,Sarcastic,banglasarc3,2,2
তুচ্ছ মনে হয় তাই এখন নিজেকে অসহায় হয়ে যেন বারবার তবুও পাগলের মতো করেই যাই শক্তি দাও বিধাতা শক্তি দাও,0,Non-Sarcastic,banglasarc3,0,1
কিছুদিন আগে দেখলাম পাঁচবারে বিশ্বচ্যাম্পিয়ন ম্যাগনাস কার্লসেন কে তার এই শ্রেষ্ঠত্বর জন্য পা ছুয়ে কুর্নিশ করছে ভারতীয় প্রতিযোগী আজ বাংলাদেশী আরেক প্রতিযোগী তার শ্রেষ্ঠর শ্রেষ্ঠত্ব ছিনিয়ে নিল,1,Neutral,banglasarc3,1,0
নিজের আত্নসম্মান বিসর্জন দিয়ে অন্যকে ভালোবাসার চেয়ে একা থাকাই শ্রেয়,0,Non-Sarcastic,banglasarc3,0,0
সমাজে এখনো মাটির মানুষ আছে আছে আছে আমাদের সোনার বাংলাদেশেই আছে আহা কি সুন্দর কি সাবলীল ভাবে বললো আসলেই তো এই মানুষ গুলোর জন্য হৃদয় থেকে দোয়া ও ভালবাসা বেঁচে থাকুক হাজার বছর ধরে মাটি ও মানুষের হৃদয়ে কল্যাণে,1,Neutral,banglasarc3,1,1
২০২৩ এর চেয়ে ২০২৪ এ ২৩০ শতাংশ বেশি ব্যবহৃত হয়েছে এ শব্দটি,1,Neutral,banglasarc3,1,1
ভাবছিলাম ফ্রি ল্যান্সিং শিখবো এখন দেখতাছি গরু পালন ছাড়া কোন উপায় নেই সেখানেও সমস্যা খাদ্যের যেই দাম,2,Sarcastic,banglasarc3,2,0
লোকে সবসময় আমার অক্ষমতার কথা মনে করিয়ে দেয় হায় রে,0,Non-Sarcastic,banglasarc3,0,2
আমার বন্ধু নেই কোনো পরিচিত মানুষ আছে কিছু প্রিয়জন আছে,1,Neutral,banglasarc3,1,1
আর শান্তরে রিহ্যাবে দিলেই ঝামেলা শেষ,2,Sarcastic,banglasarc3,2,2
বরিশাল সার্চলাইটের অংশ ছিল এবং প্রথমে পাকিস্তান নৌবাহিনীর গানবোট এবং নৌবাহিনীর কর্মীদের মাঠে মোতায়েন করে পাকিস্তান সেনাবাহিনীকে লজিস্টিক সহায়তা প্রদান করেছিল,1,Neutral,banglasarc3,1,1
একেই বলে মার থেকে মাসির দরদ বেশি,2,Sarcastic,banglasarc3,2,2
ভাইরাল হতে লাইলার কাছে আসলো ভক্ত লাইলা ভাইরাল করে দিলো বেচারার খুশী হয়ে গেলো ভাইরাল ও হলো,2,Sarcastic,banglasarc3,2,2
অন্যদের কথা শিওর না তবে এনায়েত একটা টপ লেভেলের বাটপার অনেক টা ব্যারিস্টার সুমনের মত,0,Non-Sarcastic,banglasarc3,0,0
মাত্র শুরু হলো দু দিন পর এই গুজবটাই সত্য হয়ে যাবে সত্য করার জন্য মিডিয়া তো আছেই,0,Non-Sarcastic,banglasarc3,0,0
রিপন ভিডিও ভায়ের পক্ষে আছি,2,Sarcastic,banglasarc3,2,2
সাথে আমাকে ও নিয়ে যাইতে বলিয়েন,2,Sarcastic,banglasarc3,2,2
ওদের ক্রাইম পেট্রোল দেখলেই আন্তাজ করা যায় কি ভয়ংকর লেভেলের ক্রাইম হয়,0,Non-Sarcastic,banglasarc3,0,0
কেন আপনি কি সিং ঙ্গেল,2,Sarcastic,banglasarc3,2,2
সময়োপযোগী এবং ভালো কাজ বাংলাদেশের কোটি জনগণ দ্রুত সময়ে এই ধরনের সংস্কার দেখতে চাই,1,Neutral,banglasarc3,1,1
বইগুলো বাচ্চারা পড়বেনা আর বড়দের কাজে লাগবে না,2,Sarcastic,banglasarc3,2,0
আল্লাহ সকল নাস্তিকদের হেদায়াত দান করুন,0,Non-Sarcastic,banglasarc3,0,0
আমার প্রিয় মানুষ টা কে ফুল দেওয়ার দরকার নাই কারণ সে নিজেই একটা ফুল,1,Neutral,banglasarc3,1,2
শৈল্পিকতার ছোয়ায় নিজের শ্রেষ্ঠটা দিয়ে ভাল হিসেবে সমাজের চোখে উদ্ভাসিত হতে হয় কেবল জি বাংলা স্টার জলসায় অার স্টার সিনেপ্লেক্সে মজলে তো স্মার্ট হওয়া যায় না এজন্যে হাড়ভাঙা খাটুনি চাই,1,Neutral,banglasarc3,1,0
ভাজ্ঞিস এসব স্থানে আমি থাকি না,1,Neutral,banglasarc3,1,2
পরিচয়ের সংকট সবচেয়ে বড় সংকট যা মানুষকে ভেতর থেকে আঘাত করে,0,Non-Sarcastic,banglasarc3,0,1
আজকে কি মেট্রোরেল চলতেছে,1,Neutral,banglasarc3,1,2
সব বুজলাম কিন্তু ওই যে গামছা পড়া লোকটা কোলে কেন,2,Sarcastic,banglasarc3,2,2
প্রিয় লিডার আপনার প্রতি নোয়াখালীর মানুষের পক্ষে থেকে সালাম,2,Sarcastic,banglasarc3,2,1
২০১২ সাল পর্যন্ত ১০ লক্ষের বেশি এমেকো ১০০৬ চেয়ার তৈরি হয়েছে,1,Neutral,banglasarc3,1,1
থামবেন কে জ্বালাইতে থাকেন দেখি কত জ্বালাইতে পারেন,0,Non-Sarcastic,banglasarc3,0,2
তার তো দেশ নিয়ে বা দেশে আসা নিয়ে কোন চিন্তা নেই তাকে কি কেউ প্রশ্ন করেছে এখন সে দেশে আসে না কেন কারন এই দেশ ধ্বংশ করার জন্য সে অনেক টাকা হাতিয়ে নিয়েছে তাই দেশের বিরুদ্ধে ষড়যন্ত্র করে যাচ্ছে,0,Non-Sarcastic,banglasarc3,0,0
একে কোরআনকে পবিত্র ব্যক্তিরা ছাড়া কেউ স্পর্শ করতে পারে না সূরা আল ওয়াকিয়াহ আয়াত ৭৯,1,Neutral,banglasarc3,1,1
আশা বাদ দেন বিষয়টা খুব বেদনাদায়ক,2,Sarcastic,banglasarc3,2,0
কোথাও নিরাপদ নয়,0,Non-Sarcastic,banglasarc3,0,0
হতাশ হওয়ার কোন কারন নাই বড় ভাই ইনশাআল্লাহ চ্যাম্পিয়ন ট্রফিতে আপনার সেরাটা দেখতে পাব,0,Non-Sarcastic,banglasarc3,0,1
আমার দাবি আমাদের একালা রাজধানী করা হক,2,Sarcastic,banglasarc3,2,2
ধুরো মিয়া কোনো গোলাপ ই কেউ দিলো না,2,Sarcastic,banglasarc3,2,2
রাজিব ভাইয়ের বিকল্প রাজিব ভাই,0,Non-Sarcastic,banglasarc3,0,2
শেষবার যখন ক্রিশ্চিয়ানো রোনালদো একটা ইউরোপীয় গোল্ডেন বুট জিতে তখন নেইমার জাবি ইনিয়েস্তা সবাই বার্সার হয়ে খেলতো,2,Sarcastic,banglasarc3,2,2
আমি ভেবে পাই না এরকম একটা সাইকোকে মানুষ সাপোর্ট করে কিভাবে,0,Non-Sarcastic,banglasarc3,0,0
মান ইজ্জত আর রইল না,2,Sarcastic,banglasarc3,2,2
এইজন্য এখনো মানুষ হইতে পারলেন না,0,Non-Sarcastic,banglasarc3,0,0
ফ্যামিলির সাপোর্টের অভাব সত্যিই মেনে নেওয়া খুব কঠিন কিন্তু চুপ থাকা ছাড়া কিছু করার নেই,0,Non-Sarcastic,banglasarc3,0,1
ভাই দেখবে কি করে ওদের চোখ তো নিতম্বে থাকতে তাই হাগতে গেলে শুধু গু দেখে আর মানুষ যা দেখে তাই তো বলবে,2,Sarcastic,banglasarc3,2,0
এ আর রহমান মৌলবাদী তার নিজের ঘরকেই সংস্কারমুক্ত করতে পারেননি অথচ গান গায় মানুষের জন্য তার মেয়ে নারীবাদ শেখাচ্ছে বোরখার অন্ধকারে থেকে আর যাই করুন নারী শেখাতে আসবেন না,0,Non-Sarcastic,banglasarc3,0,0
আর ডোনাল্ড ট্রাম্প প্রবণতাটিকে তুলনা করেছিলেন সর্বাত্মকবাদের সঙ্গে,1,Neutral,banglasarc3,1,1
জয় বাংলা,0,Non-Sarcastic,banglasarc3,0,2
যেমনটি হয়েছিল আমাদের পিতা আদম আঃ জান্নাতে সব নিয়ামত থাকা অবস্থায়ও একাকিত্ববোধ করছিলেন পরে এই একাকিত্ব মিটাতে আল্লাহ আমাদের মাতা হাওয়া আঃ কে সৃষ্টি করেছিলেন আমাদের সবার মধ্যে একজন সাপোর্টিভ মানুষ খুব দরকার,1,Neutral,banglasarc3,1,1
গুড,0,Non-Sarcastic,banglasarc3,0,0
দেশ প্রেমিকের বড় অভাব এই দারিদ্র জনগোষ্ঠীর,0,Non-Sarcastic,banglasarc3,0,0
এসেছিলাম কমেন্ট করতে অন্যের কমেন্ট পড়তে পড়তে নিজের কমেন্ট টা ভুলে গেছি,2,Sarcastic,banglasarc3,2,2
গুজব ছড়ানোদের অাইনের অাওতায় অানা প্রয়োজন,0,Non-Sarcastic,banglasarc3,0,2
নেটফ্লিক্স মিশরকে শুধু মরুভূমি আর পিরামিড দিয়ে উপস্থাপন করে আর দক্ষিণ আমেরিকার দেশগুলোকে আরো বাজেভাবে উপস্হাপন করে,1,Neutral,banglasarc3,1,0
নাস্তিকের বাচ্চা নাস্তিক জাহান্নামের কিট,0,Non-Sarcastic,banglasarc3,0,0
সবার যাত্রা শুভ হোক,0,Non-Sarcastic,banglasarc3,0,0
মায়ের স্পর্শে ছেলের পরিশ্রম সার্থক হয়ে যায়,0,Non-Sarcastic,banglasarc3,0,0
আমাদের উচিত ছিলো ডক্টর ইউনুসকে আরেকটু লম্বা সময় দেয়ার এমন এক শক্তি দেশের প্রধান হিসেবে সবাই পায় না দেশ শক্তিশালী হতে দিলো না এই স্বার্থপর জাতি,1,Neutral,banglasarc3,1,0
বেহায়া বেলাজ বেশরম হইলে মানুষের অনেক সুবিধা যা মনে আসে তাই বলা যায়,2,Sarcastic,banglasarc3,2,0
ঠিক কথা বলেছেন আপনি,1,Neutral,banglasarc3,1,0
পরিবারের অভাব থাকলে নিজের লক্ষ্যে এগিয়ে যাওয়া কঠিন তবুও নিজের চেষ্টা চালিয়ে যেতে হবে,1,Neutral,banglasarc3,1,1
এই পোস্টে আমি যা কমেন্ট করতে চেয়েছিলাম তা আমার পূর্ববর্তী বক্তা বলে গেছেন এবং আমি যা বলবো ভাবছি তা আমার পরবর্তী বক্তা এসে বলে যাবেন এই বলে আমি আমার সংক্ষিপ্ত বক্তব্য এখানেই শেষ করছি ধন্যবাদ,1,Neutral,banglasarc3,1,1
রোগীর চিকিৎসায় ভালো অবকাঠামো গুরুত্বপূর্ণ,1,Neutral,banglasarc3,1,1
বড্ড বেশি ভালোবাসি তোমায় প্রিয় মা তোমার মমতা মাখানো মুখখানি দেখলে সমস্ত দুঃখ কষ্ট ভুলে যাই মা,1,Neutral,banglasarc3,1,1
টিভি পদ্দা খুলে শুধু নির্বাচনের দাবি করে ওরা,2,Sarcastic,banglasarc3,2,2
এই টেনশন এ আরো সুখায় যাচ্ছি যে কবে মোটা হবো কবে বিয়া করবি,2,Sarcastic,banglasarc3,2,2
এখন কি মিস্টি কুমড়ার চারা লাগানো যাবে,1,Neutral,banglasarc3,1,2
আমার পোলা এমন ছিলো না অই ছেমরির পাল্লায় পইরা এমন হইছ,2,Sarcastic,banglasarc3,2,2
ওকে কেউ এক গ্লাস পানি দে,2,Sarcastic,banglasarc3,2,2
আমি তো গ্রুপ খুলে বিদেশেএএএ চলে আসছি,2,Sarcastic,banglasarc3,2,2
এমন মানুষদের কারণেই এখনো মানবতার প্রতি বিশ্বাস টিকে আছে,0,Non-Sarcastic,banglasarc3,0,0
নিশ্চয়ই স্টুডেন্ট এর মা আপনার বাবার স্ত্রী হয়,2,Sarcastic,banglasarc3,2,2
আলহামদুলিল্লাহ হায়াতের মালিক একমাত্র মহান আল্লাহ তায়ালা,1,Neutral,banglasarc3,1,1
চিন্তা বোধ শক্তির কেন্দ্র উৎপত্তি অবস্থান মস্তিস্কে হৃদপিন্ডে বা আবেগে নয় মস্তিস্কের যথাযথ ব্যবহার করুন,0,Non-Sarcastic,banglasarc3,0,1
চেরনোবিল পারমাণবিক বিদ্যুৎ কেন্দ্রে হামলা চালিয়েছে রাশিয়া এমনই দাবি করেছে ইউক্রেন,1,Neutral,banglasarc3,1,1
নারী ফুটবল টাকেও চক্রাকরে শেষ করে দিচ্ছে,1,Neutral,banglasarc3,1,2
যেখান থেকে শেষ আবার সেখান থেকে শুরু হবে ইনশাল্লাহ,1,Neutral,banglasarc3,1,1
সব ভোট চোর লীগকে ধরতে হবে,0,Non-Sarcastic,banglasarc3,0,0
সরকারের কার্যক্রম নিয়ে সবাই খোলামেলা আলোচনা করলেই কিছু পরিবর্তন আসতে পারে,1,Neutral,banglasarc3,1,1
নান্নু গং এর জামাতার এশিয়া কাপ শেষ,2,Sarcastic,banglasarc3,2,2
চাঁদের আলোয় রাত যায় যে ভরে তাহার মত তুমি করো না কেন ওগো ধন্য মোরে,1,Neutral,banglasarc3,1,0
আমি প্রথম্বার টার্মিনেটার মুভি দেইক্যা কুচ্ছুই বুঝিনাই পরে বুঝছি পৃথিবী হিউম্যানয়েড রোবট বানাইয়া দুনিয়ারে কত বড় ঝুকিত ফালাইতাছে,0,Non-Sarcastic,banglasarc3,0,0
আপনি এসব বলছেন আল্লাহর ভয় থেকে না আপনার ক্যারিয়ারের ভয়ে আর এগুলো আপনি শিখেছেন আপনার পরিবার থেকে আপনার সাষ্তি দেবার মানুষ কেউ না মানুষ হচ্ছে উছিলা মাত্র এসব আল্লাহর গজব আপনার উপর,0,Non-Sarcastic,banglasarc3,0,0
গোটা দেশে এখনো আওয়ামী লীগের দস্যরা উকি মেরে আছে তাদের খুঁজে বের করে শাস্তির আওতায় আনা দরকার,0,Non-Sarcastic,banglasarc3,0,0
পিনাকী সাহেব কি বলেছেন নুহাশ পল্লী নিয়ে সেটা না বুজে না জেনে অনেকেই ফাল পারতেছে শুশীল এর আফসোস দেখে মায়া লাগে,0,Non-Sarcastic,banglasarc3,0,0
ড ইউনুস এর আসল চেহারা প্রকাশ না পেলেও আপনার আসল চেহারা প্রকাশ পাইসে যদিও যারা জানার আরো আগে থেকেই জানে ঢাবির দেয়াল থেকে খুনি হাসিনা বলা গ্রাফিতি সড়ায়ে ফুল পাখি দ্বারা প্রতিস্থাপনে কার ভূমিকা ছিলো তাও জানে অনেকেই,0,Non-Sarcastic,banglasarc3,0,0
পদ্মা সেতুতে কাজ করা সকল শ্রমিক কর্মীকে মুক্তিযোদ্ধাদের সমপরিমাণ একটা বাতা কার্ড করে দেয়ার জোর দাবি জানাচ্ছি,0,Non-Sarcastic,banglasarc3,0,2
ঘর আছে টয়লেট নাই নাগরিকত্ব আছে দাম নাই নদী আছে ইলিশ নাই মা আছে বাবা নাই মাথা আছে ব্রেইন নাই জ্ঞান আছে বুদ্ধি নাই টাকা আছে কৃপাণতার শেষ নাই খাবার থাকতেও গো বর খায় কোন দেশ এটা আপনি ঠিকই বুঝতে পারছেন ধন্যবাদ,2,Sarcastic,banglasarc3,2,0
ভাই আফনে যুদি ছেলিবিটির ভাষা না বুঝেন সেইডা কি ছেলিবিটির দোষ এই বাল্ডারে আফনে গালি দিতাছেন ক্যান,0,Non-Sarcastic,banglasarc3,0,0
আবুল হায়াতই একমাত্র মানুষ যে কিনা ছোটবেলা থেকেই বড়,2,Sarcastic,banglasarc3,2,1
যখন মানুষে কারো পিক দেখে খুব খুশি হয় তখনই হাহা দেয় এটা এমনে নেয়ার কি আছে,2,Sarcastic,banglasarc3,2,2
থার্ড ক্লাস একজন কন্টেন্ট ক্রিয়েটর,2,Sarcastic,banglasarc3,2,0
সবাই ভাবতেছে ৪ বছর ডিপ্লোমা করে আবার ৪ বছর করা খুব সহজ,2,Sarcastic,banglasarc3,2,2
বছর ১১ মাসে শেষ হক কিন্তু ফেব্রুয়ারি না আসুক,2,Sarcastic,banglasarc3,2,2
আসলে ইনি কে দেখলাম মেলায় গোলাপ দিচ্ছে,1,Neutral,banglasarc3,1,2
আপনাদের কাছে অনুরোধ বিয়ের মতো কঠিন সিদ্ধান্ত আপনারা আবেগে পড়ে নিবেন না,1,Neutral,banglasarc3,1,1
দৈনিক ইত্তেফাক পত্রিকার রুচির সমস্যা চলছে এই ধরনের লোক নিয়ে নিউজ করে,0,Non-Sarcastic,banglasarc3,0,0
বাংলাদেশের একজন সফল প্রাক্তন ব্যাবসায়ী,2,Sarcastic,banglasarc3,2,1
দুষ্ট ছেলে বানায়ছে কেন মেয়ে বানালে দুষ্ট হতোনা সাজুগুজু নিয়ে বিজি থাকতো,2,Sarcastic,banglasarc3,2,2
শুভ কাজ করার আগে আস্তাগফিরুল্লাহ পড়তে হয়,2,Sarcastic,banglasarc3,2,1
আর আমার আম্মু বলতেন কি খাওয়াইয়া জানি ওরে বশ করছে নইলে আমার পোলা তো কিছুই বোঝে না,2,Sarcastic,banglasarc3,2,2
তামিমের চেহারা অনেকটা ইলিয়াস কাঞ্চনের মত হয়েছে দেখতে,0,Non-Sarcastic,banglasarc3,0,2
গোয়াইরা চিন্তা না করে মাথা দিয়ে খেলেন মাথার খেলায় ফ্যাসিবাদকে হারান,1,Neutral,banglasarc3,1,0
মেয়ের বাবার আইডিতে তখন যেয়ে দেখলাম সে ভ্লগার হতে চায়,1,Neutral,banglasarc3,1,2
অন্যদিকে ব্যস্ত জীবনে বইয়ের দোকানে যেতে না পারা পাঠকের জন্য এ সময় গড়ে ওঠে কিছু বিশেষায়িত ওয়েবসাইট,1,Neutral,banglasarc3,1,1
আহারে হুম শিখলাম কাজে লাগবে হুম,2,Sarcastic,banglasarc3,2,2
তোরা যে শীতের কাপড় পড়ে ঘুরোস লজ্জা করে না,2,Sarcastic,banglasarc3,2,2
আমি বুঝছি এতগুলোর মধ্যে আমি একাই লিজেন্ড,2,Sarcastic,banglasarc3,2,2
আপনাদের দেখে খুবই সুখী মনে হচ্ছে ভাইয়া মাশা আল্লাহ আপনারা এমনই থাকেন আল্লাহ ভালো রাখুন আমিন,1,Neutral,banglasarc3,1,0
আরে ভাই কথা কথা ডিম কি পাইছেন আপনারা এই আপনাদের জন্যই আজ ডিম নিম্নবিত্তের ক্রয় ক্ষমতার বাহির,2,Sarcastic,banglasarc3,2,2
ক্লিয়ারেন্সে ভিড় ভালো কথা কিন্তু এই যুগে এসেও কাউন্টারে ক্যাশ কে জমা দেয় ভাই এই টাকাটা রকেট বিকাশে তুলে ওয়ান কার্ড দিয়ে দিলেই তো হয় অন্তত কাউন্টারে ভিড় হয় না,0,Non-Sarcastic,banglasarc3,0,2
শূন্য পকেটে যে নারী পাশে থাকে সফলতা পেলে পুরুষ সেই নারীকেই আগে ভুলে যায়,0,Non-Sarcastic,banglasarc3,0,1
আহ কি চমৎকার কথা ঘৃণা হচ্ছে শুনে,2,Sarcastic,banglasarc3,2,0
শীতের ভোর রাতে অনেকেই দূর থেকে আসবে তারা কি তাদের গরম পোশাক পড়েই রান করবে,1,Neutral,banglasarc3,1,2
আওয়ামী লীগ ও ছাত্র লীগের আজ থেকে স্লোগান শেখ হাসিনার ভয় নাই ধানমন্ডি বাঁচাতে পারি নাই,2,Sarcastic,banglasarc3,2,2
কতটা জঘন্য হলে মানুষ এমন টা করতে পারে,0,Non-Sarcastic,banglasarc3,0,2
ছোট খাটো বিষয় নিয়ে লিজেন্ডের ডাকবেন না কারণ লিজেন্ডরা অনেক ব্যস্ত থাকে,2,Sarcastic,banglasarc3,2,2
এইরকম ফর্মে থাকা অবস্থায় টুর্নামেন্ট থেকে সরে যাওয়াটা উচিৎ হয়নি,0,Non-Sarcastic,banglasarc3,0,0
জয়েন কইরাই মীর্জা ফখরুল এর সাথে ঝামেলা লাগাইছেন,2,Sarcastic,banglasarc3,2,2
ছাত্র ছাত্রীদের মনের কত গভীরে গেলে এরকমভাবে বলা যায় সত্যিই অসাধারন শিক্ষিকার প্রতি রইলো শ্রদ্ধা ও সন্মান,1,Neutral,banglasarc3,1,0
মাশাল্লাহ আমার ভাই বলে কথা,0,Non-Sarcastic,banglasarc3,0,2
আমার জন্মদাগ আছে,0,Non-Sarcastic,banglasarc3,0,2
ইয়ে মানে বলতেছিলাম এ উ মানে ওহ মনে পরছে,2,Sarcastic,banglasarc3,2,2
পৃথিবী একটি রঙ্গমঞ্চ বাংলাদেশ তার সদর দপ্তর কি মিয়া কথা কও হাসানী,2,Sarcastic,banglasarc3,2,2
খুবই সঠিক পদক্ষেপ পাশাপাশি আমাদের মন্ত্রীদের কাছ থেকে সেনসেবল বিহেভিয়ার আশা করি,0,Non-Sarcastic,banglasarc3,0,1
তারে তিতুমীরের জুনিয়র অধ্যাপক নিয়োগ দেওয়া হউক,2,Sarcastic,banglasarc3,2,2
তখন কি আসলেই ঘুম হবে,2,Sarcastic,banglasarc3,2,2
পুরুষদের দিকে খেয়াল করেন তারা তো ছেড়ে দে মা কেঁদে বাঁচি করে প্রতিটি ম্যাচে,0,Non-Sarcastic,banglasarc3,0,2
ছাগল খায় কিনা জানি না মানুষ কিন্তু গোলাপজল খায় রান্নাতে ব্যবহৃত হয় অনেক ক্ষেত্রে আর হনুমান খেতে ভালোবাসে,0,Non-Sarcastic,banglasarc3,0,1
একটি স্টার্টআপের টিকে থাকার জন্য ভালো পরিকল্পনা এবং আর্থিক ব্যবস্থাপনা প্রয়োজন,0,Non-Sarcastic,banglasarc3,0,1
অজানা তথ্য প্রকাশ করার জন্য ধন্যবাদ,1,Neutral,banglasarc3,1,1
একজন চিকিৎসক হিসেবে রোগীর স্বজনদের আবেগ বুঝে তাদের সঠিক পথে পরিচালিত করা গুরুত্বপূর্ণ,0,Non-Sarcastic,banglasarc3,0,1
এর দোষ শুধু বিয়া এদেশের অনেক কোটিপতি শিল্পপতি ছিল তারাতো বিয়া করতে পারতো এই নাট্যকর্মী তাহসানের চেয়েও উপযুক্ত পাত্র পাইছে মনে হয় কাকা বাবুকে মিথিলা বুড়ো ফুলের ঘ্র্যান নিতে বেশ পছন্দ করে,0,Non-Sarcastic,banglasarc3,0,0
স ্যারের কাছে জিজ্ঞেস করা ছাড়া আপাতত আর কোনো গতি নাই,2,Sarcastic,banglasarc3,2,2
তার ছেলের সাথে কবুল না বলা পর্যন্ত শাশুড়ির আসল রুপ দেখতে পারবেন না যতই লিভ টুগেদার করেন,2,Sarcastic,banglasarc3,2,2
নিরপেক্ষ এবং নির্বাচনের কথায় যাদের জ্বলে তারাই ওবায়দুল কাদের,2,Sarcastic,banglasarc3,2,0
ট্রাফিকের সর্বোচ্চ ওজন সহ্য করতে সেতুর ক্ষমতা নির্ধারণের জন্য এই ধরনের লোড টেস্ট গুরুত্বপূর্ণ,1,Neutral,banglasarc3,1,1
সেসব স্কুলে হাজারো শিশু পড়াশোনা করে,1,Neutral,banglasarc3,1,1
তর সমস্যা কি যারা পেয়েছে তারা থাকনা তাদের পরিবার নিয়ে তকে দেয়নাই বলে বকবক করছিস প্লাট কি তোর বাপের টাকার,0,Non-Sarcastic,banglasarc3,0,0
এডভান্স আগামী মাসের ডে গুলো পালন করে আসছে,2,Sarcastic,banglasarc3,2,2
অধিকাংশ ইপিআর ইউনিট তাদের মূল অ্যাকশন এর অঞ্চল থেকে অনেক দূরে ছিল এবং নিজ অবস্থান থেকে বড় শহরগুলোতে পৌঁছতে তাদের অন্তত ১ দিন লাগতো,1,Neutral,banglasarc3,1,1
অন্যের ক্ষতি করা মানুষ গুলো কে আল্লাহ হেফাজত করুক হেদায়েত করুক শুভ বুদ্ধি দান করুক,1,Neutral,banglasarc3,1,0
সর্বস্তরের নেতাকর্মীবৃন্দ শেখ হাসিনার প্রশ্নে আপোষহীন বাংলাদেশ ছাত্রলীগের একমাত্র সাংগঠনিক অভিভাবক দেশরত্ন শেখ হাসিনার সকল সিদ্ধান্ত বিনাপ্রশ্নে পালন করতে আমরা প্রতিশ্রুতিবদ্ধ,2,Sarcastic,banglasarc3,2,1
আমি মেট্রোতে বসে কাজ শেষ করবো এই পরিকল্পনা নিয়ে উঠলে দেখবো বসার জন্য সিট নাই,1,Neutral,banglasarc3,1,2
রোগীর অবস্থা ভালো না হলে তার জন্য আলাদা ব্যবস্থা নেওয়া হয়,1,Neutral,banglasarc3,1,1
সহমত ভাই নতুন এবং পুরাতন সবার জন্য শুভকামনা ও ভালোবাসা রইলো,0,Non-Sarcastic,banglasarc3,0,1
জুনিয়রদের জন্য উপদেশ তারা যেন নিজের দক্ষতা অনুযায়ী পথ অনুসরণ করে এবং সফল হয় কোচিং সেন্টারের প্রচার বা প্রলোভনের কারণে বিভ্রান্ত না হয়ে তাদের উপর অতিরিক্ত চাপ প্রয়োগ না করার জন্য প্রয়োজনীয় মানসিকতা তৈরি করা উচিত,1,Neutral,banglasarc3,1,1
সত্যি অসাধারণ এই প্রথম দেখলাম একটি হাঁস এভাবেই গরুর গাড়ির মতো,1,Neutral,banglasarc3,1,1
এই পৃথিবীটা হচ্ছে ক্ষণস্থায়ী,1,Neutral,banglasarc3,1,0
খেললে তাশ খেলি ভাই এসব উনো ফুনো খেলা বুঝি না,2,Sarcastic,banglasarc3,2,2
ভাই অবু দশ বিশ গুনেন গোনা শেষ হলে সামনে যে গাড়ি পাবেন ওটায় উঠুন,2,Sarcastic,banglasarc3,2,2
আজ আপনার মেয়ে ফলোয়ার কমে যাবে ভাই অনেক্,2,Sarcastic,banglasarc3,2,2
এইসব সাংবাদিকরাই দেশের মান নিচে নামিয়ে দেওয়ার জন্য যথেষ্ট,0,Non-Sarcastic,banglasarc3,0,0
এর মাধ্যমে টেকসই ব্যবস্থাপনায় একটি নতুন ও অনুপ্রেরণামূলক দৃষ্টান্ত স্থাপন করেছে কোম্পানিটি,1,Neutral,banglasarc3,1,1
শুধু গরীব না এক্কেবারে গরীব,2,Sarcastic,banglasarc3,2,2
গতরাতে ভাগ্য ভালো যে বঙ্গবন্ধু স্যাটেলাইট মহাকাশে ছিলো,2,Sarcastic,banglasarc3,2,2
স্বাদ আছে কিন্তু স্বাধ্য নাই,0,Non-Sarcastic,banglasarc3,0,2
এমন এক জেনারেশন এর সাথে লাগসে না পারে অফলাইনে না পারে অনলাইনে,0,Non-Sarcastic,banglasarc3,0,2
রডগুলোতে সিমেন্টের ঘোলা ও রেড অক্সাইড দেয়া হয়েছে মরিচা প্রতিরোধের জন্য এখন পিলার ঢালাই করতে চাই রং উঠাতে পারছিনা ঢালাই ধরবে নাকি ধরবেনা,1,Neutral,banglasarc3,1,1
যারা নাহিদ ইসলামের বিপক্ষে তারা সুবিধাবাদী দালাল ইন্ডিয়া দ্বিতীয় পার্ট,2,Sarcastic,banglasarc3,2,0
আর আসলে কি হবে জানতে চাওয়া আমার মন,2,Sarcastic,banglasarc3,2,1
আমি নিজে একজন মেয়ে হয়েও এই মেয়েটির কথা শুনে প্রেমে পড়ে গেলাম,1,Neutral,banglasarc3,1,1
পোষ্য কোটার কারণে অনেক পরিবারের পেশাগত স্থায়িত্ব তৈরি হয়েছে,1,Neutral,banglasarc3,1,1
সত্যি আমার মেয়েও এমন করে,0,Non-Sarcastic,banglasarc3,0,0
এমন তথ্য জানা খুব দরকার ধন্যবাদ শেয়ার করার জন্য,0,Non-Sarcastic,banglasarc3,0,1
ভাই আসেন এক কাপ দুধ চা খাই,2,Sarcastic,banglasarc3,2,2
এতো সুন্দর একটা ভিউ দেখলে দেখতে মন চাচ্ছে বারবার ভাইয়া,0,Non-Sarcastic,banglasarc3,0,0
ব্যাচমেট কে যারা বিয়ে করে তাদের হানিমুন হয় নাহ হয় শিক্ষা সফর,2,Sarcastic,banglasarc3,2,2
এই পোস্টের কমেন্ট দেখে প্রথমেই আমি স্মরণ করছি স্যার মার্ক জুকারবার্গকে উনি যদি ফেসবুকে রিয়েক্ট সিস্টেম চালু না করতো তাহলে কত মানুষ সালমানের পোস্টের কমেন্টে হা হা দিতে না পেরে মাত্রাতিরিক্ত উত্তেজিত হয়ে হার্টফেল করে মারা যেতো,2,Sarcastic,banglasarc3,2,2
কল্পনার জীবনে নতুন একটা সুখের শুরু হোক,1,Neutral,banglasarc3,1,1
আসিফ নজরুল কে সরাতে না পারলে এর ফল ভোগ করবে ছাত্র জনতা,0,Non-Sarcastic,banglasarc3,0,2
বাস্তবের এই অনুভূতি টা নিতে চাই ইনশাআল্লাহ কোনো একদিন,0,Non-Sarcastic,banglasarc3,0,1
আজ আবরার ভাইয়ের ফলে আমাদের বুয়েট ক্যম্পাস এতো নিরাপদ ও রাজনীতিমুক্ত,1,Neutral,banglasarc3,1,1
এবার নিজেকে হারানোর বেদনা শুনবো হয়তো হিন্দি গানের তালে,2,Sarcastic,banglasarc3,2,2
এত কোটি কোটি টাকা কামিয়ে কি লাভ যদি ভালো একটা প্যান্ট ই না পরতে পারেন,2,Sarcastic,banglasarc3,2,2
লয়্যালিটির কোন দাম নাই এহন শুকনা পাতা খাইয়া চোখ দুইডা লাল কইরা মেয়েদের প্রপোজ করো দেখবা ঠিকই এক্সেপ্ট করবো,0,Non-Sarcastic,banglasarc3,0,2
আইরিশদের বিরুদ্ধে আমাদের বোলিং খুব ভালো ছিল এখন ব্যাটসম্যানদের দায়িত্ব,1,Neutral,banglasarc3,1,0
চমৎকার ভিডিও ছোটবেলায় দেখতাম কল নষ্ট হয়ে গেলে আব্বু ঠিক করে দিতো সবার জন্য অনেক অনেক শুভকামনা ও ভালোবাসা রইলো সবাই একসাথে এগিয়ে যাবো ইনশাআল্লাহ,1,Neutral,banglasarc3,1,1
লেখাটি ঐতিহাসিক প্রেক্ষাপটের একটি দিককে তুলে ধরেছে,1,Neutral,banglasarc3,1,1
একটা মানুষের এত গুন কিভাবে হয়,0,Non-Sarcastic,banglasarc3,0,0
সাংবাদিক ভাইয়া খাইয়া কি কোন কাজ কাম নাই বা র নিউজ পোস্ট দেন,0,Non-Sarcastic,banglasarc3,0,2
ডাক্তারদের সহানুভূতি ও দায়িত্বশীলতা অনন্য,0,Non-Sarcastic,banglasarc3,0,1
মোহাম্মদপুরের ইতিহাসে এই প্রথম কোন হারানো জিনিস খোঁজে পাওয়া গেলো মোহাম্মদপুর ১৬ বছর বসবাসের সুবাদে বহু ছিনতাই ডাকাতি স্বচোখে দেখেছি লোকজন এর অনেক কিছু হারিয়ে যাওয়ার গল্প শুনেছি কিন্তু ফিরে পাওয়া দেখিনি,2,Sarcastic,banglasarc3,2,1
ইনশাআল্লাহ নেক্সট টার্গেট যতদিন ভারতের আধিপত্য এই বাংলাদেশের মাটি থেকে মুছে দিতে পারব না ততদিন আমরা ঘরে ফিরে যাব না,1,Neutral,banglasarc3,1,1
এদের নিরাপত্তা ব্যবস্থা না করতে পারলে নিজেদের উপদেষ্টা ভাবা বাদ দিয়ে পদত্যাগ করুন,0,Non-Sarcastic,banglasarc3,0,0
জীবন অনেকটাই চক্রের মতো কখনও এক জায়গায় থেমে থাকে কখনও চলে যায়,1,Neutral,banglasarc3,1,1
মুরগির চিকেন মানলাম কিন্তু নিপু ভাই টমাটোম কি,1,Neutral,banglasarc3,1,2
লিখেইতো দিয়েছে নামাজের সময় পাম্পের সকল কার্যক্রম বন্ধ থাকিবে আপনি আবার জিজ্ঞেস করে এতো ভোগান্তি কেন উপলব্ধি করতে গেলেন,1,Neutral,banglasarc3,1,0
একদম সত্যি বলেছেন আমি আপনাকেও বিশ্বাস করলাম না যাদের বিরুদ্ধে বলেছেন তাদেরকেও বিশ্বাস করি না তাই বলে অবিশ্বাস করি না সত্য বললে ভালো ভুল বললে আল্লাহ হাফেজ,2,Sarcastic,banglasarc3,2,0
শেখ পরিবার আসলেই একটি ত্যাগী পরিবার দুইবোনের দেশত্যাগ পুতের বউত্যাগ মাইয়ার জামাইত্যাগ এবং ভাগ্নির পদত্যাগ,2,Sarcastic,banglasarc3,2,2
অতিরিক্ত আবেগের কারনে শাহবাগে তওবা করার গণকর্মসূচীর ডাক দেওয়া হোক,2,Sarcastic,banglasarc3,2,2
তা আবার যা তা বিজ্ঞানী না নোবেল জয়ী বিজ্ঞানী,1,Neutral,banglasarc3,1,0
শেখ হাসিনার পতনের পর আর টিভি আর কোন নিউজ খুঁজে পাচ্ছে না ওরা এখন মায়াজাল এর নিউজ চুরি করে পুনরায় সম্প্রচার করছে,2,Sarcastic,banglasarc3,2,0
কাফফারার টাকা কি এখানে দেয়া যাবে,0,Non-Sarcastic,banglasarc3,0,2
তার বাইরে দ্বিতীয় দশকজুড়ে নীলক্ষেতে রাজত্ব করেছে গেম অব থ্রোনস ঘরানার বহুবিধ ফ্যান্টাসি সিরিজ নানা রকম আত্মোন্নয়নের বই সঙ্গে ইউভাল হারারি ট্রেভর নোয়াহ নাসিম নিকোলাস তালেবরা,1,Neutral,banglasarc3,1,1
অনেক ধন্যবাদ অরুণাভ শাহানা বাজপেয়ী এর সাক্ষাৎকার চাই,1,Neutral,banglasarc3,1,1
স্বর্ণ কালার বলে কথা,2,Sarcastic,banglasarc3,2,2
আমার তালতো ভাইটাকে আপনাকে ভাইরাল করে দিলেন,2,Sarcastic,banglasarc3,2,2
করোনা শুধু স্কুলে আর মসজিদ মাহফিলে বাকী সব যায়গা করোনার চেয়েও শক্তিশালী,2,Sarcastic,banglasarc3,2,0
এটা আমিষের অনেক বড় উৎস আল্লাহ কোন কিছু অনর্থক সৃষ্টি করেন নাই এটা নিয়েও একটা ঘটনা আছে শল্য চিকিৎসায় এটি ব্যবহৃত হয়,1,Neutral,banglasarc3,1,1
অতীতের ঘটনা নিয়ে দ্বন্দ্বের সমাধানে থেরাপি বা মধ্যস্থতাকারীর ভূমিকা উল্লেখযোগ্য,1,Neutral,banglasarc3,1,1
বাইক অলারা চায় বাইক নিয়ে আকাশে উড়াল দিতে এখন তারা বাইক ছাড়াই আকাশে উড়াল দিছে,0,Non-Sarcastic,banglasarc3,0,2
বর্তমান প্রেক্ষাপটে বাংলাদেশের উচিত সামরিক শক্তি বৃদ্ধি করা ভারত এ ৪ নম্বরে আর বাংলাদেশের ৩৭ তম এখানে শক্তির অনেকটা পার্থক্য আছে তাই আমাদের উচিত সামরিক শক্তি বৃদ্ধি করা,0,Non-Sarcastic,banglasarc3,0,1
বইমেলা এলে পত্রিকায় বিজ্ঞাপন ছাপা হতো নতুন বইয়ের,1,Neutral,banglasarc3,1,1
সেভেন সিস্টারস জয় করে টেক্সাস শহরের মেয়রের কাছে বেচে দিসি আমরা,2,Sarcastic,banglasarc3,2,2
প্রাইভেট পাওয়ার প্লান্ট নির্মাণ বন্ধ এবং সময় শেষ হওয়া প্লান্ট বন্ধ না হলে এ খাতে খরচ কমানো যাবে কিনা,2,Sarcastic,banglasarc3,2,1
শোকাহত শ্রদ্ধা আত্মার শান্তি কামনা করছি,0,Non-Sarcastic,banglasarc3,0,0
আলহামদুলিল্লাহ আমার মা ও এমন,0,Non-Sarcastic,banglasarc3,0,0
এই হরতাল কি শুধু বাংলাদেশে পালিত হবে নাকি পুরো ভারতবর্ষে না মানে নেতারা তো দিল্লীতে,2,Sarcastic,banglasarc3,2,2
এতো মনোযোগ দিয়ে দেখলেন কিভাবে ভাই,2,Sarcastic,banglasarc3,2,2
এই পেইজকা প্রেস সচিব শফিকুল আলমের তার রুচির তারিফ করতে হয় এই পজিশনে বসেও আগের মতো ফাজলামি করা ছেড়ে দেননি আর নিজের চেহারা আর বয়সের দিকেও তাকানোর সময় পাননি,1,Neutral,banglasarc3,1,0
সেটা ঠিক আছে কিন্তু ইউনুস তো ২ বিয়ে করেছে এখন কথা হচ্ছে জীবনসঙ্গী প্রথম টায় ২ বিয়ে করতে দিবে নাকি,2,Sarcastic,banglasarc3,2,2
ফার্স্ট ইমপ্রেশন খুবই গুরুত্বপূর্ণ কারণ কোন কথা বলার আগেই একজনের সাথে সাক্ষাত হওয়ার তিন থেকে পাঁচ সেকেন্ডের মধ্যেই তার সম্পর্কে একটা ধারণা হয়ে যায়,1,Neutral,banglasarc3,1,1
আল্লাহ্ তায়ালা আমাদের সকলকে ক্ষমা করুক আমিন,1,Neutral,banglasarc3,1,0
সামান্য কিছু অর্থের লোভে পড়ে মানুষ কত নিচে নামতে পারে,0,Non-Sarcastic,banglasarc3,0,0
গোলকিপার তো থাকবেই তাই বলে কি গোল দিবেন না,1,Neutral,banglasarc3,1,2
বর্তমানে প্রমিকা থাকা মানে একটা ফ্রি ফ্রি কেয়ারটেকার রাখা আম্মায়্ও মনে হয় এতো যত্ন করে না আপদ একটা,2,Sarcastic,banglasarc3,2,2
এটা নাকি ওল্ড পাসওয়ার্ড গতকাল রাতে নাকি এটা চেঞ্জ হয়েছে,1,Neutral,banglasarc3,1,2
আপনাকে তো শিক্ষিতই ভাবতাম পিনাকীর বাইসেপ কতটুকু আইডিয়া আছে নতুন এডিট শিখতেছেন দেখে ভালো লাগলো,2,Sarcastic,banglasarc3,2,1
কপাল ভালো বঙ্গবন্ধু স্যাটেলাইট মহাকাশে নয়তো জনগণের আক্রোশে এইটাও জয় বাংলা হয়ে যেতো,2,Sarcastic,banglasarc3,2,2
বুলডোজার জোগাড় হয়ে গেছে ইনকিলাব জিন্দাবাদ,0,Non-Sarcastic,banglasarc3,0,2
এটা মানতে পারলাম না আমাদের দৃষ্টি ভঙ্গি পাল্টানো উচিৎ সব কিছুতে দোষ খুজা উচিৎ না এই লাইনে খারাপ কিছু লেখা নায় আমরা একে অপরকে সহযোগিতা না করে কি দুশমনি করে একে অপরের উৎসবে বাঁধা দিব,1,Neutral,banglasarc3,1,0
মানুষ চলে যায় স্মৃ তি গুলো রেখে যায়,1,Neutral,banglasarc3,1,1
এইজন্যই তো ভালোবাসার বাজারের এমন বেহাল দশা আরেকজনের মাধ্যমে ভালোবাসা আদান প্রদান করলে ভালোবাসা চাঙ্গে উঠবে,2,Sarcastic,banglasarc3,2,0
একটা সময় পত্রিকা কিনে সেটায় যে পড়াশোনা নামক পাতাটা থাকতো সেটা পড়তাম ভাইরে ভাই,2,Sarcastic,banglasarc3,2,1
ওনারা অশ্লীলতা সরাইতেছে এই মাধ্যমে এদেরকে আইনের আওতায় আনা হোক সমাজটাকে নষ্ট করতেছে,0,Non-Sarcastic,banglasarc3,0,0
ভাই একটা না হয় ওইখান থেকে আসলো বাকী ১০ টা কোথা থেকে আসলো,2,Sarcastic,banglasarc3,2,2
পুরুষদেরকে নারী বানানোর অনেক নানা রকম খেলা বিকৃত মানসিকতা অন্যথায় কোন যুক্তিতে এ ধরনের পোশাক একজন পুরুষ পড়বে,0,Non-Sarcastic,banglasarc3,0,0
অপু বিশ্বাস বুবলি পূজা চেড়ী তিনজন তো উনার ঘরের প্লেয়ারই আছে,2,Sarcastic,banglasarc3,2,2
লিজেন্ড হয়ে বিপদে পড়েছি সবকিছু বুঝে যাই,2,Sarcastic,banglasarc3,2,2
শূন্য পকেটে কেউ পাশে থাকে না এগুলো সিনেমায় হয়,0,Non-Sarcastic,banglasarc3,0,0
এই নেন খুঁজে দিলাম এবার টাকা দেন,2,Sarcastic,banglasarc3,2,2
চলে গেলি ভালো হবে সাকিবের মতো ভুল না করে ওই দেশে ক্রিকেটারদের অনেক সম্মান করা হয় সম্মানটুকু তো পাবে,0,Non-Sarcastic,banglasarc3,0,0
আজ সে নাই বলে এমনে অপমান করলেন,2,Sarcastic,banglasarc3,2,2
এসব বিনোদন নামের আবর্জনাগুলো কবে বিলুপ্ত হবে যেসব মিডিয়া এসব অখাদ্য প্রচার করবে তাদের বিরুদ্ধে কঠোর ব্যবস্থা নিতে হবে,0,Non-Sarcastic,banglasarc3,0,0
বিদ্যুৎ বিজ্ঞানী আর বিদ্যুৎ প্রকৌশলী যেমন এক না তেমনই বিদ্যুৎ প্রকৌশলী আর বৈদ্যুতিক লাইনম্যানের কাজের ক্ষেত্র ভিন্ন,1,Neutral,banglasarc3,1,1
সঠিক সিদ্ধান্ত নেওয়া জীবনের জন্য গুরুত্বপূর্ণ,1,Neutral,banglasarc3,1,1
এগারো বছর বয়সে আমি কার গাছে কি ফল আছে তা পাহারা দিতা আর সব বন্ধু বান্ধবীদের নিয়ে চুরি করতাম,0,Non-Sarcastic,banglasarc3,0,2
বাঁড়া তো একটাই হয় দুইটা হলে তো সমস্যা,2,Sarcastic,banglasarc3,2,2
এই খুনের শেষ কোথায় জামাত শিবির বিএনপি আর সমন্বয়করা দিন দিন দেশটারে ধ্বংস করে ফেলছে,0,Non-Sarcastic,banglasarc3,0,0
শিক্ষকের ব্যাখ্যা প্রয়োজনীয় ছিল,1,Neutral,banglasarc3,1,1
ভাই কি খেয়ে পড়তে বসলেন নাকি করতে বসলেন,2,Sarcastic,banglasarc3,2,2
দেশে যা শুরু হইছে সুষ্ঠু নির্বাচন হলে আওয়ামীলীগ আবারো বিপুল ভোটে জয়লাভ করবে ইনশাআল্লাহ,2,Sarcastic,banglasarc3,2,0
ঠিকই বলেছেন ভাই যাকে যেখানে মানায় তাকে সেখানেই অভিনয় করতে দেওয়া উচিত,0,Non-Sarcastic,banglasarc3,0,0
এই পোস্ট দেখে একজন ক্ষুদার্থ ব্যক্তি সারাদিন না খেয়ে থাকার যন্ত্রণা নিমিষে ভূলে যেতে পারে,2,Sarcastic,banglasarc3,2,2
সারাহর মত প্রতিভা থাকলে সাফল্য আসতে বাধ্য,0,Non-Sarcastic,banglasarc3,0,0
ব্যাটা মেয়েদের বিষয়ে এত এত খোঁজ খবর দেখালে পন্ডিতি কথাবার্তা বললে নিজেদের সম্পর্কে বলো তোমাদের মত খুঁতখুঁতে ছেলেদের হিস্টরি কি হয় হয় সে ইতিহাসও একটু বলো,0,Non-Sarcastic,banglasarc3,0,0
মানসম্মত এবং মনে রাখার মত ছবি একটিও নেই,1,Neutral,banglasarc3,1,1
এরাই আসল যোদ্ধা বীররা দেখতে এমনই হয় সত্যিই মুগ্ধ হলাম,1,Neutral,banglasarc3,1,0
হারাম হারাম হারাম এতা পুরোটাই হারাম কারন এই সিরিজ দেখে যদি মুসলিমরা আবার খিলাফত কায়েমের স্বপ্ন দেখে তাহলে তো ইয়োরোপ ইংল্যান্ডের মহা সমস্যা প্রথম বিশ্বযুদ্ধ তো সাজানোই হয়েছিল উসমানীয় খিলাফত কে ভেঙ্গে দেবার জন্য এখন সেই মরা খিলাফত আবার যদি মাথা চাড়া দিয়ে ওঠে তাহলে তো সৌদি রাজার সাজানো রাজ্য ভেঙ্গে পড়বে তাই পেট্রোডলার খেয়ে মোটা হওয়া আলেমরা তখন জান্নাতের বাগানের ফল মুলের ব্যবসা ভেঙ্গে পড়বে এই জন্য সিরিজ তো হারাম হবেই সিরিজ তো টিভিতে দেখে টিভি দেখাই তো হারাম ছবি তুলতে হয় ছবি তুলাও হারাম হারাম আর হারাম শুধু হারাম সৌদি রাজার পেট্রোডলার খাওয়া আলেমরা শুধু জানে কোনটা হারাম আর কোনটা হালাল আর কেউ জানে না সিরিজ ভালো খারাপ তো পরের কথা ছবি তুলাই তো হারাম এই সিরিজ যারা দেখছে যারা বানাইছে সব জাহান্নামে গেছে মুস্লিমরা শুধু ঘরের কোনায় নামাজ পড়বে আর কদুর তেলের ব্যবসা করবে বাকি সব হারাম তাহলেই তো ইয়োরোপ আমেরিকার মুসলিমদের তেল গ্যাস নিতে সুবিধা হবে,2,Sarcastic,banglasarc3,2,0
আমাদের সময় বাবা মা বলতেন হাড়গুলো আমার মাংসগুলো আপনার শিক্ষকের পৃষ্ঠপোষকতায় একজন ছাত্র হয়ে উঠতো সোনার মানুষ এমনিতেই বাংলাদেশের শিক্ষা ব্যবস্থার বেহাল দশা তার উপরে পারিবারিক সুশিক্ষা নেই এভাবে চলছে থাকলে অচিরেই এজাতি মুখ থুবড়ে পড়বে,0,Non-Sarcastic,banglasarc3,0,0
এমন পরিস্থিতিতে জীবন যেন নিছকই একটি যুদ্ধ হয়ে দাঁড়ায়,1,Neutral,banglasarc3,1,1
সুন্দর সমাজ গঠনে সবার অংশগ্রহণ প্রয়োজন,1,Neutral,banglasarc3,1,1
১০০৬ চেয়ার মূলত দ্বিতীয় বিশ্বযুদ্ধ চলাকালে নৌবাহিনীর যুদ্ধজাহাজের জন্য তৈরি করা হয়েছিল কিন্তু পরবর্তীতে এটি ডিজাইনার চেয়ার হিসেবে পরিচিত হয় যা বিলাসবহুল রেস্তোরা এবং গৃহসজ্জায় ব্যবহৃত হয়ে আসছে,1,Neutral,banglasarc3,1,1
আর সফল হচ্ছে প্রতিটি টার্গেটে পৌছা একজন মানুষ তার জীবনের সকল টার্গেটে পৌঁছানো কখনই সম্ভব না কিছু ব্যর্থ হবেই৷ আর এই মানসিকতা নিয়ে যারা কাজ করে তারা অন্তত মানসিক প্রশান্তি নিয়ে কাজ করতে পারে পারে জীবনকে উপভোগ করতে,0,Non-Sarcastic,banglasarc3,0,1
এই রকম সাইজের জিনিসই তার পছন্দ,2,Sarcastic,banglasarc3,2,2
বয়ফ্রেন্ডের পিছনের বালিশটা কেমন যেনো দেখতে,2,Sarcastic,banglasarc3,2,2
কেলাস পাইভ এ মাঝে মাঝে পড়তাম মনে হয়,2,Sarcastic,banglasarc3,2,2
হাসিনার ছেলে জয়কে ক্লাস করিয়ে প্রফেসর যখন বাড়ি ফিরে,2,Sarcastic,banglasarc3,2,2
তাহলে তো জনসমাগম না করাই ভালো আমাদের স্বপ্নের সেতু কি ভিডিও কনফারেন্সে উদ্বোধন করবেন প্রধানমন্ত্রী,0,Non-Sarcastic,banglasarc3,0,2
৫০ হাজার টাকা বিনিয়োগ করে ৮ মাস পর কত টাকা প্রফিট মার্জিন আসতে পারে,1,Neutral,banglasarc3,1,2
বড় অকৃতজ্ঞ জাতি আমরা এই ছেলেগুলো আজ অনেকের চক্ষুশূল হয়েছে অথচ ১৭ বছরের নির্যাতিত নিষ্পেষিত জাতির জন্য এরা এসেছিল ত্রাণকর্তা হিসেবে,0,Non-Sarcastic,banglasarc3,0,0
আমার পছন্দের অভিনেত্রী অভিনয় সুন্দর ছিলো শাবনুর পপী এদের অভিনয় সুন্দর ছিলো বিশেষ করে প্রয়াত মহানায়ক মান্না ভাইয়ের বিপরীতে,1,Neutral,banglasarc3,1,1
লাভ লস নাই লাইফ টাই লস,2,Sarcastic,banglasarc3,2,2
সিজি না তুললেও তো চাকুরি ঠিকই পায়,0,Non-Sarcastic,banglasarc3,0,2
আমাদের মিডিয়া তথাকথিত হেলিকপ্টার বিজ্ঞানীদের নিয়ে নিউজে মেতে ওঠে কিন্তু সত্যিকারের প্রতিভাবান লোকদের নিয়ে একটা স্টাটাস পর্যন্ত দেয়না,1,Neutral,banglasarc3,1,0
আপনার যে ওয়েভসাইট তৈরি করা হচ্ছে তার সহযোগী হিসেবে থাকতে চাই,0,Non-Sarcastic,banglasarc3,0,1
বরিশালে একটি নদীবন্দর রয়েছে যেটি দেশের অন্যতম প্রাচীন দ্বিতীয় বৃহত্তম ও গুরুত্বপূর্ণ একটি নদীবন্দর,1,Neutral,banglasarc3,1,1
র ্যাব এর জন্যে এটাই হচ্ছে সবচেয়ে বড় অপমান র ্যাব বিলুপ্ত করার থেকেও বড় শাস্তি এটা,2,Sarcastic,banglasarc3,2,0
জিটিএ ফাইভের মড করা কিছু ক্লিপস পাওয়া যায় ইউটিউবে রেসিং বাইক নিয়ে উড়তে থাকে,1,Neutral,banglasarc3,1,1
আজ প্রচ্ছদ বানাতে পারিনা বলে,1,Neutral,banglasarc3,1,2
শশা গাছের জন্য ডিএপি সার খুবই কার্যকর,1,Neutral,banglasarc3,1,1
আমার টা এর থেকে বেশি ড্যামেজ ছিল শুধু মাত্র ঝামেলার জন্য আর রিটার্ন হয়নি তবে এতো টাকা দিয়ে বই কিনে এতো ড্যামেজ হলে খারাপ ই লাগে,1,Neutral,banglasarc3,1,0
বিবাহ বহির্ভূত সকল সম্পর্ক হারাম হিজাব পরদা করে হারাম কাজে সহযোগিতা করছেন সাড়ে তিন হাত মাটির নিচে যাও হিসাব দেয়ার জন্য প্রস্তুত থাকুন,0,Non-Sarcastic,banglasarc3,0,0
ভালো কাজ করেছেন বিয়ে করেছেন ওনার আরো বিয়ে করা উচিত যেহেতু উনি আর্থিকভাবে সচ্চল,1,Neutral,banglasarc3,1,0
তারাই এই যুগের বড় ভাদাইম্মা এদের একটু লজ্জাও করে না চোখের সামনে তো দেখি কিছু বলতেও পারিনা আল্লাহ সবাইকে বুঝার তৌফিক দিক আমিন,0,Non-Sarcastic,banglasarc3,0,0
নেগেটিভ ব্লাড খুবই প্রয়োজন যারা আছেন ব্লাড দিতে পারবেন তারা চট্রগ্রাম মেডিকেল চলে আসেন,0,Non-Sarcastic,banglasarc3,0,2
ওয়াও আবার কয়েক মিনিটের মধ্যেই একসাথে অনেকগুলো জানাশোনা মিথ্যে শোনার সুযোগ,2,Sarcastic,banglasarc3,2,1
লেডিস বাস নাকি আমাদের ছেলেদের জন্য কালো কালার আনা যায় না,2,Sarcastic,banglasarc3,2,2
এই দেশে মন খারাপ করার কোন সুযোগ নেই,2,Sarcastic,banglasarc3,2,0
ইজতেমার মাঠ আলেম ওলামা দেশের সর্ব সাধারণ ধর্মপ্রাণ মানুষের জন্য কোন সন্ত্রাসীদের জন্য নয় যারা একজনকে অন্ধ অনুসরণ করে মানুষ পর্যন্ত খুন করতে পারে আর যাই হোক তারা কখনো মানুষের ভালো চায় না,0,Non-Sarcastic,banglasarc3,0,0
আর কৃষকের গোয়া মারিল ইউনুস সরকার,0,Non-Sarcastic,banglasarc3,0,2
এম্পি মন্ত্রীদের প্রিয় খাটযোদ্ধার ব্যবসায় লাল বাত্তি,2,Sarcastic,banglasarc3,2,2
বাংলা ব্যাকরণ পড়ার জন্য যে বইয়ের পরামর্শ দিয়েছেন সেগুলো খুবই কার্যকর,1,Neutral,banglasarc3,1,1
ক্যাস্টম অফিসার নাটক টি কবে মুক্তি পাবে বললে ভালো হত,1,Neutral,banglasarc3,1,2
রাজধানী ঢাকাতেও শিল্প গ্রাফিতি ও সঙ্গীতের মাধ্যমে প্রতিবাদ সংঘটিত হতে দেখা গেছে,1,Neutral,banglasarc3,1,1
শিবির বাংলাদেশের সবচেয়ে মেধাবী এবং সুশৃঙ্খল সংগঠন ছাত্র সমাজের কাছে অনুরোধ রাখবো আপনারা শিবিরের সাথে মিশুন এবং তাদের সংগঠনের সাথে যুক্ত হোন,1,Neutral,banglasarc3,1,0
এটাই কিন্তু সঠিক আমরা এত্তটা ডিজিটাল ছিলাম না তবে অনেক সুন্দর সময় পার করে এসেছি যা এই জেনারেশন পায় না,0,Non-Sarcastic,banglasarc3,0,1
ভাই আপনি এটা কোনো কাম করলেন হাসতেও পারতেছিনা বউ রাগ করতেছে আবার না হেসেও পারতেছিনা,0,Non-Sarcastic,banglasarc3,0,2
ডাক্তারদের কাজ হল রোগীকে সঠিকভাবে পরীক্ষা করা,1,Neutral,banglasarc3,1,1
শ্রীলঙ্কার সাথে ঔ টাইম আউট না করতো সাকিব তাহলে হয়তো এই চ্যাম্পিয়ন টফি খেলাই হতো না বাংলাদেশের,1,Neutral,banglasarc3,1,2
একমাস গেছে না আবার বন্যা,0,Non-Sarcastic,banglasarc3,0,2
আমি ইদানীং সারাহ্ টেনডুলকার এর বিরাট ফ্যান হয়ে গেছি,0,Non-Sarcastic,banglasarc3,0,2
গাছের মতো সম্পর্কের মধ্যে যতটা যত্ন নিবেন ততটাই আপনার সম্পর্ক উঁচুতে উঠবে,1,Neutral,banglasarc3,1,1
মাশাল্লাহ অসম্ভব সৌন্দর্যে সৌন্দর্যমণ্ডিত আমাদের উত্তরবঙ্গ,0,Non-Sarcastic,banglasarc3,0,1
মেয়েটির আত্মবিশ্বাস দক্ষতা দর্শক নিয়ন্ত্রণ উচ্চারণ কথা বলার ভঙ্গিমা ভাষার উপযুক্ত ব্যবহার নিজের উপস্থাপনা শব্দ অর্থের সঙ্গে শৈল্পিক সৌন্দর্য এবং কন্ঠস্বর এক কথায় বাহ্ চমত্কার অসাধারণ অভাবনীয় দারুণ সুন্দর,1,Neutral,banglasarc3,1,1
রোলস রয়েস গাড়িতে করে রিইউনিওনে যাওয়ার আকাঙ্ক্ষা,0,Non-Sarcastic,banglasarc3,0,2
অনেক গুরুত্বপূর্ণ একটা ক্লাস নিল ষাঁড়ে,2,Sarcastic,banglasarc3,2,1
গণতন্ত্র পারফেক্ট না গণতান্ত্রিক উত্তরণ সহজ না দেশে হাজারটা সমস্যা আছে,1,Neutral,banglasarc3,1,1
আজকে এইরকম বাবা নাই বলে আমরা কন্টেন্ট করতে পারিনা,0,Non-Sarcastic,banglasarc3,0,2
এর সুষ্ঠ বিচার হোক,0,Non-Sarcastic,banglasarc3,0,0
আহারে আমার সোনা জিন্নাহ আর ইকবাল নাকি সাধু ছিল জঙ্গিদের তাহলে এসব ইতিহাস গেলানো হচ্ছে,0,Non-Sarcastic,banglasarc3,0,0
আচ্ছা সবাই হাহা কেন দিচ্ছে একটু খেজুরের রসের ছবিই তো আপ দিলাম এখন যদি সাইনবোর্ডে লেখা থাকে বোদা তাহলে আই কিত্তাম,2,Sarcastic,banglasarc3,2,2
শরীরের শেষ রক্তবিন্দু দিয়ে হলেও ধানমন্ডি ৩২ রক্ষা করবো ছাত্রলীগের ভাইয়েরা এখনই ৩২ নাম্বারে আসুন তবে আমি সিঙ্গাপুর,2,Sarcastic,banglasarc3,2,2
নারায়ে তাকবির বলে ৩২ নাম্বার যারা ভাংছেন তারা জানেন এই স্লোগানে আপনার ধর্মকে কিভাবে পরিচয় দিচ্ছেন একজন মুসলিম হিসেবে বাইরে আমাদের কিভাবে দেখে,0,Non-Sarcastic,banglasarc3,0,0
এটা কোনভাবেই সম্ভব না বিস্তারিত এখানে লেখা আছে হয়তো আপনার রেজাল্ট আরেকটু ভালো হবে নয়তো যা আছে তাই দেখাবে কোন প্রকার পিছাবে না,1,Neutral,banglasarc3,1,0
পায়ের জুতাটা অটোমেটিক খুলে গেলো,1,Neutral,banglasarc3,1,2
বাংলাদেশ বাজে ছেলে কয়েকটা আছে যাদের কোন কাজ কাম নেই মেয়ে নিয়ে ঘোরা লুচ্চামি করা এইসবই কাজ সালাউদ্দিন মোড় তারপর বুঝবি জীবনে পাঁচ ওয়াক্ত নামাজ পড়ছোস,0,Non-Sarcastic,banglasarc3,0,0
থাক বেবি তোমাকে এখন যেতে হবে না বিয়ের পর তোমাকে আমি নিয়ে যাবো নি সেন্টমাটিন সাজেক,2,Sarcastic,banglasarc3,2,2
ওইটা মানুষের বেলায় হলে মানুষ বলতো জীবনে জন্ম মৃত্যু ও মিলন একবার,2,Sarcastic,banglasarc3,2,0
তুমি দুনিয়াতে কিভাবে আসলে তা কি দেখেছো তাহলে বাবাকে বাবা আর মাকে মা বলো কেন সত্যিকথা কি তোমার দেখা না দেখার উপর পরকালের কোন পরিবর্তন হবেনা নাস্তিকিনি,0,Non-Sarcastic,banglasarc3,0,0
আসসালামু আলাইকুম আলোচনাটা গুরুত্বপূর্ণ তবে বর্তমানে একজন ছেলে খোজে সুন্দর লাম্বা এক কথায় অসাধারণ হতে হবে আর একজন মেয়ে খোঁজে ছেলের টাকা কেমন আছে এখনো অনেকে বলে দ্বিনদারীতা দেখতে কিন্তু আমার মনে হয় এটা মুখে বলে বাস্তব হচ্ছে ভিন্ন,0,Non-Sarcastic,banglasarc3,0,0
সৃষ্টি সেরা মানুষ না এরা মানুষ রুপি অমানুষ,0,Non-Sarcastic,banglasarc3,0,0
স্যার এই শিশুতো তো অনেক কিউট,1,Neutral,banglasarc3,1,2
আমার চিটাগাং হতাশ করছে,0,Non-Sarcastic,banglasarc3,0,2
আজাইরা আলাপ বাস্তবতা হচ্ছে টাকা কোটি যুবক বেকার দেশে কর্মসংস্থান নেই এসব লিখে কোন ম্যাসেজ দিতে চান যারা চাকরির অভাবে বিদেশে পাড়ি জমায় তাদেরকে কোটি প্রবাসীর জীবন এভাবেই চলছে চলবে আপনার আবেগে অন্যর জীবন চলবে না,0,Non-Sarcastic,banglasarc3,0,0
এই উপমহাদেশে মানুষের মধ্যে হিন্দু মুসলমান ইত্যাদি নানান ধারায় বিভেদর মধ্যে ফারাক কমানোর প্রয়োজন,1,Neutral,banglasarc3,1,0
চাকরি পেয়েছো বেতন তো ভালো হবেনা ব্যবসায়ী আমি করেছি বিয়ে আর ভালো লাগেনা,2,Sarcastic,banglasarc3,2,0
ছেঁড়াদ্বীপের শেষ প্রান্তে শুয়ে বসে অনেকগুলো ছবি তুলেছি,1,Neutral,banglasarc3,1,1
অনুপমের গান লিরিক কম্পোসিং সমস্তই খুব ভালোলাগার,1,Neutral,banglasarc3,1,1
এইটা ও তো পুরোনো হয়ে গেছে কট খাওয়া দরকার এটা খাইলেই পুর্নতা,2,Sarcastic,banglasarc3,2,2
মনে হচ্ছে কোন মহান কার্য করতে গেছিল ভাল যে জেলে ঢোকায় নি,0,Non-Sarcastic,banglasarc3,0,2
অরিজিনাল কাহিনী কি কেউ কি বলে না খালি মজা নেয়,1,Neutral,banglasarc3,1,0
আপুরা মনে হয় ইচ্ছে করে উপরের পানি দিয়েছে আমার অভিজ্ঞতা বলে মেয়েদের হলের ডাল ছেলেদের হলের থেকে বেশি ঘনত্বের হয়,2,Sarcastic,banglasarc3,2,2
প্রমান হলো প্রধানমন্ত্রীর নির্দেশেই গ্রেফতার আবার প্রধানমন্ত্রীর নির্দেশেই মুক্তি,0,Non-Sarcastic,banglasarc3,0,0
শখের নারী আমারও ছিলো,0,Non-Sarcastic,banglasarc3,0,2
পোস্টটা সময়োপযোগী,1,Neutral,banglasarc3,1,1
ঘটনাটা ভবিশ্যতের একটা হুসিয়ারী দিচ্ছে,0,Non-Sarcastic,banglasarc3,0,1
এই ফালতু মেয়ের সাথে ভিডিও আপলোড দিয়ে বাচ্চা বয়সেই সম্মান নষ্ট করো না,0,Non-Sarcastic,banglasarc3,0,0
মানুষ আপনাকে ব্যর্থ করবে মানুষ আপনাকে আঘাত করবে এটা এই জীবনের অংশ এবং পার্সেল ক্ষত আপনার দোষ নাও হতে পারে তবে নিরাময়ের দায়িত্ব আপনার কখনও আত্ম মমতায় ঝাপিয়ে পড়বেন না সর্বশক্তিমানের সাহায্য প্রার্থনা করুন আবার উঠুন এবং আপনার জীবনের নিয়ন্ত্রণ নিন নিরাময় দেরি করবেন না,1,Neutral,banglasarc3,1,1
দীর্ঘদিনের পরিশ্রম এবং বিনিয়োগ অপচয়ের ফলে স্টার্টআপগুলো টিকে থাকতে পারে না,0,Non-Sarcastic,banglasarc3,0,1
অনান্যদের মতামত বেশ ভিন্ন হতে পারে,1,Neutral,banglasarc3,1,1
বোর্ড চ্যালেঞ্জ করে ফেইল আসছে,2,Sarcastic,banglasarc3,2,2
বাইক এক্সিডেন্ট ৯০ ক্ষেত্রে বাইকার দায়ী,0,Non-Sarcastic,banglasarc3,0,2
শিয়াল এর ইচ্ছা হয়ে ছিল মানুষের মতো হাঁটতে তাই,0,Non-Sarcastic,banglasarc3,0,2
দেখ ভাই তোদের জন্য সুন্দরবনের বাঘ ও কান্না করছে,2,Sarcastic,banglasarc3,2,2
পরিচালকরা আমগোরে কান্দাইতে ভালো লাগে,0,Non-Sarcastic,banglasarc3,0,2
ধনী হওয়া শুধু অর্থ সংগ্রহের বিষয় নয় বরং জীবনের উদ্দেশ্য এবং সমাজের উন্নতির জন্য কাজ করা গুরুত্বপূর্ণ,1,Neutral,banglasarc3,1,1
উন্নত ডেটা কম্প্রেশন প্রযুক্তি ব্যবহার করে এআই মডেল প্রশিক্ষণের দক্ষতা বৃদ্ধি করা হয়েছে,1,Neutral,banglasarc3,1,1
দুধ খান আর কলা খান আপনি এবার ও ফেইল,2,Sarcastic,banglasarc3,2,2
সে নাবাহি নী যে এখনও ভারতের নিয়ন্ত্রণে সেটা নিশ্চিত হলো৷ প্রথম আলোর অফিসের সামনে সে না মো তায়েন করা হয়েছে৷ সে নাবাহি নীকে জনগনের বি রুদ্ধে যাওয়ার মুল্য দিতে হবে৷ ইনশাআল্লাহ বিডিআর হ ত্যাকা ন্ডের মধ্য দিয়ে সে নাবাহি নীকে ভারত মু ক্ত করা হবে৷,0,Non-Sarcastic,banglasarc3,0,0
এখন র ্যাবদের বউদের দাবি সেম ডিজাইনের মধ্যে অন্য কালার মানে পিংক কালারের ড্রেস চাই,2,Sarcastic,banglasarc3,2,2
যে আসল পুরুষ সে সব সময় সব জাগায় বাঘের মতোই থাকে তোমার মতো না,2,Sarcastic,banglasarc3,2,0
এর কপালে অনেক দুঃখ আছে,0,Non-Sarcastic,banglasarc3,0,2
মার্কিন যুক্তরাষ্ট্র এবং চীনের মধ্যে প্রযুক্তিগত প্রতিযোগিতা চলমান রয়েছে,1,Neutral,banglasarc3,1,1
নার্স ও চিকিৎসকদের মধ্যে সমঝোতা তৈরি হলে সেবার মান আরও উন্নত হবে,0,Non-Sarcastic,banglasarc3,0,1
ডেনাটা সরিয়ে মেয়েদের কে দেখার সুজুগ করে দাও ব্রো,2,Sarcastic,banglasarc3,2,2
আগের দিনগুলোই অনেক সুন্দর ছিলো সবই সোনালী অতীত,1,Neutral,banglasarc3,1,1
তাকে ব্ল্যাক ওয়াল্ডের ১৪৭ নং রুম এ বন্দি করা হোক,2,Sarcastic,banglasarc3,2,2
বঙ্গবন্ধু স্যাটেলাইট বঙ্গবন্ধুর মতোই নামে আছে কিন্তু কাজে নাই,2,Sarcastic,banglasarc3,2,2
বাংলাদেশের অন্তর্বর্তী সরকারের সামনে কাজটি কঠিন,1,Neutral,banglasarc3,1,1
ভাই আপনি কি দিন দিন পাগল হয়ে যাচ্ছেন,2,Sarcastic,banglasarc3,2,2
কথা সেটা এই রকম উত্তাল সমুদ্রে এই ধরনের বাতাসের নোউকা নিয়ে নামার দরকার কি ছিল,1,Neutral,banglasarc3,1,0
শেষমেষ রোবটও তার অন্য রোবটদের নিয়ে পালালো আর এইদিকে আমার পিও এখনো আমাকে একবারও দেখা দিলো না পিও তুমি কোথায়,2,Sarcastic,banglasarc3,2,2
অবশ্যই আল্লাহ উত্তম পরিকল্পনাকারী যেকোনো বিষয়ের ভিতরে সত্য বা মিথ্যা আছে তা প্রকাশিত হবেই,1,Neutral,banglasarc3,1,1
বিবিসির সাংবাদিকের দুলাভাই ব্যবস্থা করছে,2,Sarcastic,banglasarc3,2,2
ছেলেটার জন্য মন থেকে কলিজা থেকে দোয়া করেছি,1,Neutral,banglasarc3,1,2
দিস ইজ খালতো ভাই মামতো ভাই আপন ভাই সমনয়ক ভাই মোট মিলে ভাই পাওয়ার,2,Sarcastic,banglasarc3,2,2
অন্য সেন্ট মার্টিন এ দুষণের পরিমাণ টা যদি উল্লেখ করতেন ভালো হতো,1,Neutral,banglasarc3,1,1
বুঝলাম না একটার পর একটা কারখানা তে কিভাবে আগুন ধরে তাও আবার কয়েক ঘণ্টার ব্যবধানে এটা একটু রহস্যজনক না,0,Non-Sarcastic,banglasarc3,0,1
গণ অভ্যুত্থান এবং এর পরবর্তী পরিস্থিতি অনেকটাই উদ্বেগজনক তবে সঠিক বিচার না হলে কিছুই পরিবর্তন হবে না,1,Neutral,banglasarc3,1,1
পুরনো বাস রঙ করে নতুন করে চালু করলে হবে না পুরোটাই যেন নতুন বাস হয় তাহলে সাধারণ মানুষ যাতায়াত করে আসান পাবেন,0,Non-Sarcastic,banglasarc3,0,1
জার্মানি থেকে না তোদের বের করে দিয়ে ছিলো সেখানে গিয়ে তোরা থাক তাইলে,0,Non-Sarcastic,banglasarc3,0,0
মনে পড়ছে শহীদ মিনার প্রাঙ্গণে এ রকম কিছু স্ল্যাং শুনে আমরা বন্ধুরা কানে হাত দিয়ে মুখ টিপে হাসছিলাম আর বলছিলাম চেঁচিয়ে চেঁচিয়ে কী বলছে এরা বাবা মায়ের বয়সীদের সামনে,1,Neutral,banglasarc3,1,2
কাল সন্ধ্যা পত্রিকায় রিপোর্টের পর একটি কোম্পানি নীড় কে এই প্রতিযোগিতায় অংশগ্রহণের জন্য স্পন্সর করতে রাজি হয়েছে,1,Neutral,banglasarc3,1,1
আর কত তালবাহানা করবিরে ভাই ওরে কেউ থামা না পারলে মামুন রে খবর দে,2,Sarcastic,banglasarc3,2,2
নতুন প্রজন্মের চিন্তাভাবনা কিছু ক্ষেত্রে সমাজের আদর্শের সাথে মিলছে না তবে পরিবর্তনের জন্য কিছু সময় দরকার,1,Neutral,banglasarc3,1,1
ঢাকার সাথে একটা বিরাট ফাডাফাডি হবে ৭ নাম্বার পজিশন নিয়া,2,Sarcastic,banglasarc3,2,2
এই মহিলাকে জুতিয়ে অংক শেখানো উচিত ও কি ট্রাম্পের কাছে শতকরা হিসাবে অভিযোগ করেছে এই ফালতু মহিলাতো সরাসরি বলেছে সাড়ে তিনকোটি সংখ্যালঘু গায়েব হয়েছে মুসলিম মৌলবাদী অপরাধিরা শেল্টার পাচ্ছে এই তথ্য ফকিন্নি পেল কোথায়,0,Non-Sarcastic,banglasarc3,0,0
কি জামানা আসলো ফেইসবুকে জিহাদ করে,0,Non-Sarcastic,banglasarc3,0,2
আমি যদি সবচেয়ে বেশি গৃনা করি তাহলে মিথ্যাকে আর মিথ্যা সবচেয়ে বেশি বলতো শেখ হাসিনা,0,Non-Sarcastic,banglasarc3,0,0
রাসুল সঃ এর হাদিসে মানবতার বার্তা স্পষ্ট যেখানে তার জীবনের প্রতিটি দিকেই মানুষের কল্যাণ ও শান্তির জন্য পরামর্শ দেওয়া হয়েছে হাদিসগুলো আমাদের জীবনকে সঠিক পথে পরিচালিত করতে সহায়ক,1,Neutral,banglasarc3,1,1
মেশিন লার্নিং এবং রোবটিক্সের মতো উন্নত প্রযুক্তি নিয়ে কাজ করা সময়সাপেক্ষ,1,Neutral,banglasarc3,1,1
শিক্ষার্থীদের দাবি ন্যায্য ভবিষ্যৎ প্রজন্মের জন্য একটা ভালো উদাহরণ তৈরি হোক,1,Neutral,banglasarc3,1,1
পোলাপাইন বুঝে গেছে কোথায় গেলে টাকা ইনকাম করা যাবে,2,Sarcastic,banglasarc3,2,0
কেনো জানি মনে হচ্ছে সব কিছু নিয়ম শৃঙ্খলা বাহিরে চলে গেছে,0,Non-Sarcastic,banglasarc3,0,0
যারা নিভে যেতে চায় তাদের নিভে দাও,0,Non-Sarcastic,banglasarc3,0,0
আসলেই গ্রেফতার করছে নাকি গ্রেফতার দেখিয়ে নিরাপদ এক্সিট দিচ্ছে,1,Neutral,banglasarc3,1,0
কয়েক দিন রাস্তা বন্ধ কইরা অনশনের নাটক করলেই কলেজ বিশ্ববিদ্যালয় হইয়া যাইবো সারা বছর কষ্ট কইরা পড়ালেখা করার কী কাজ সহজ পদ্ধতি,0,Non-Sarcastic,banglasarc3,0,2
বাপের মত গাঁজা খেয়ে কথা বলছ নাকি গো,0,Non-Sarcastic,banglasarc3,0,2
সুশীলগিরি মারাইতে আসছে এখন ধ্বংসলীলা তো বক্তব্যের আগে শুরু করেছে নিজেদের ব্যর্থতা ঢাকতে মব উসকে দিচ্ছে,0,Non-Sarcastic,banglasarc3,0,0
জীবনকে পরিচালনা করবার জন্য খুব বেশি টাকার প্রয়োজন হয় বলে মনে হয় না মানুষ টাকার জন্য তো এসব করে থাকে আল্লাহ রব্বুল আলামীন আমাদের সঠিক বুজ দান করুক আমিন,1,Neutral,banglasarc3,1,1
আসিফ নজরুল চাচা শাওন কোথায় বাড়িঘরে এতো পু লিশ কেন,2,Sarcastic,banglasarc3,2,2
আম া দের প্রধানমন্ত্রী মাদার অব হিউ মে নি টি জন নেত্রী শেখ হা সিনা দীর্ঘ জী বি হউন আল্লাহ্ আপনার সা থে আছে,1,Neutral,banglasarc3,1,2
উফফ সহ সভাপতি,2,Sarcastic,banglasarc3,2,2
চিকিৎসা পেশার মূল উদ্দেশ্যই তো রোগীদের সেবা করা,1,Neutral,banglasarc3,1,1
দেশের প্রথম পরিবেশবান্ধব গ্রাহক সেবা কেন্দ্র স্থাপন করেছে গ্রামীণফোন,1,Neutral,banglasarc3,1,1
অসাধারণ এমন কিছু পেজে যুক্ত হওয়া আমাদের ঈমানি শক্তি বাড়ানোর জন্য খুবই উপকারী,0,Non-Sarcastic,banglasarc3,0,1
ওস্তাদ জালাল খাঁ এইটা যাঁর কাছে টাকা পয়সা তেজপাতা সে জায়গায় মুড সুইং কোন ব্যাপার ই না,2,Sarcastic,banglasarc3,2,2
স্যার রেলওয়ের কর্মচারীদের এই দাবি কি যৌক্তিক এগুলোর বিরুদ্ধে কঠোর একশেন যাওয়া দরকার সরকারের,0,Non-Sarcastic,banglasarc3,0,0
কিছু কিছু লোভী মহিলা ও তার ততোধিক লোভী পরিবার এর কারণে কতো পুরুষ ও তার পরিবার যে শেষ হয়ে যায় তার প্রচুর নমুনা এখন দেখতে পাবেন চোখ কানখোলা রাখলে,0,Non-Sarcastic,banglasarc3,0,0
পার্কে বাচ্চাদের জন্য দোয়া করা একটি প্রশংসনীয় কাজ যা সমাজে মানবিক দায়িত্ববোধ এবং সংবেদনশীলতা বাড়ায় শিশুর সুস্থতা ও ভালো ভবিষ্যৎ কামনা করলে সমাজে শান্তি প্রতিষ্ঠিত হয়,1,Neutral,banglasarc3,1,1
সন্তান গর্ভে থাকা অবস্থায় পাঁচওয়াক্ত নামাজ আদায় করে ও বেশি করে পবিত্র কুরআন তেলোয়াত করে আল্লাহর দরবারে নেক সুস্থ ও মেধাবি সন্তান কামনায় প্রার্থনা করা প্রত্যেক মায়ের উচিত,1,Neutral,banglasarc3,1,1
এমন একটা ব্যাপারকে এত হাস্যকরভাবে উপস্থাপন করা হলো,1,Neutral,banglasarc3,1,0
আগে এ ধরণের পোস্ট করতে তো দেখি নি,0,Non-Sarcastic,banglasarc3,0,0
জানুয়ারী মাসের সেলারি কি সিয়াম ভাই থেকে নিব,2,Sarcastic,banglasarc3,2,2
মেরা তো মামু নেই য়ে,2,Sarcastic,banglasarc3,2,2
চিটাগং সুধু বোলারদের জন্য হারছে,0,Non-Sarcastic,banglasarc3,0,2
ফাহিমা খাতুনের বোলিং ছিল দারুণ লরা ডিলানিকে বোল্ড করে বাংলাদেশকে আরো কাছাকাছি নিয়ে এসেছে,1,Neutral,banglasarc3,1,1
টা এখানে বলার কি আছে যার বাবার টাকা আছে সে চিল করবেই আর যার বাবার টাকা নেই তাই একটা কিছু করতেই হবে এখানে এসে এগুলো বলে নিজেকে সিগমা দাবি করার কিছু নাই,0,Non-Sarcastic,banglasarc3,0,0
বাজে শব্দ প্রয়োগ না করে ও কিছু মানুষকে বুঝিয়ে দেওয়া যায় এটাই হল সত্যিকারের যোগ্যতা,1,Neutral,banglasarc3,1,1
এমন সিদ্ধান্ত হাস্যকর ছাড়া কিছুই নয়,0,Non-Sarcastic,banglasarc3,0,0
আচ্ছা নিজেই নিজের নাম লিখল কেন আমি বলা উচিত ছিল না,0,Non-Sarcastic,banglasarc3,0,0
আমরাই হলাম শেষ জেনারেশন যাদের শৈশব টা অনেকটাই সুন্দর ছিলো,0,Non-Sarcastic,banglasarc3,0,1
তিতলী ভাইয়াকে কংকা ভাইয়ার স্বামী গ্রেফতার করিয়েছে,2,Sarcastic,banglasarc3,2,2
পোষ্য কোটার মাধ্যমে রেলওয়ের একটি ঐতিহ্যবাহী চাকরির পরিবেশ সৃষ্টি হয়েছে,0,Non-Sarcastic,banglasarc3,0,1
সঠিক সিদ্ধান্ত বাংলাদেশে কোনো সিন্ডিকেট চলবে না,1,Neutral,banglasarc3,1,0
জবাবে আশ্চর্য তো বলে ধীরপায়ে হাঁটতে থাকে,1,Neutral,banglasarc3,1,2
মেয়েদের কথার চেয়ে গুলিস্তানের পারফিওমের গন্ধ বেশিক্ষন স্থায়ী হয়,2,Sarcastic,banglasarc3,2,2
গানের আত্মার মাগফেরাত কামনা করছি,2,Sarcastic,banglasarc3,2,2
আগামীতে মামুনুল গং ইজতেমার আশে পাশে থাকতে পারবে না সাদ পন্থী জিন্দাবাদ জুবায়ের পন্থী মুর্দাবাদ,0,Non-Sarcastic,banglasarc3,0,0
সকালে জল পান করার অভ্যেসটা আমার রয়েছে শরীর চর্চাও করি তবে টু ডু লিস্ট করা হয় না কিন্তু সারা দিনে কি করব তা চোখ বুজে ভিজুয়ালাইজড করি,1,Neutral,banglasarc3,1,1
ডংকিতে বসে একটি কমেন্ট,2,Sarcastic,banglasarc3,2,2
এতো দিন পরে ঠিকঠাক আইনের প্রয়োগ হতেছে ধন্যবাদ প্রশাসন,1,Neutral,banglasarc3,1,1
আপনি চাইলে আমি ভেরিফাই করে দিতে পারবো,1,Neutral,banglasarc3,1,1
সাংবাদিক লোকমান তার কালো ড্রোন দেখিয়ে ভয় দেখাচ্ছে জিহাদী মুসল্লিদের,2,Sarcastic,banglasarc3,2,2
তে নিজের সীমাবদ্ধতার পাশাপাশি সেগুলো কাটিয়ে ওঠার উপায় উল্লেখ করা যেতে পারে,1,Neutral,banglasarc3,1,1
আমি তো ১৫ বছর ধরে ১ সিম এই,2,Sarcastic,banglasarc3,2,2
কিন্তু তুই তো এতো সুন্দরী না,2,Sarcastic,banglasarc3,2,2
এতবড় সাহস কিভাবে হয় আর এক মুহূর্ত দেরি নয় ফ্যাসিবাদের সমস্ত আস্তানা এই মুহুর্তে গুঁড়িয়ে দেয়া হোক,0,Non-Sarcastic,banglasarc3,0,0
আবারো গার্লফ্রেন্ড যুদ্ধে পরাজিত হলাম,2,Sarcastic,banglasarc3,2,2
উন্নয়নের জন্য রাজনৈতিক স্থিতিশীলতা জরুরি,1,Neutral,banglasarc3,1,1
মুজিব বাদ জিয়া বাদ সবই থাকবে থাকবেনা শুধু পালংবাদ,2,Sarcastic,banglasarc3,2,2
নির্দেশের অপেক্ষায়,0,Non-Sarcastic,banglasarc3,0,1
ইউনিভার্সিটিতে চান্স পেয়ে কলেজে ভর্তি হয়ে কলেজকে কেন তাহলে ইউনিভার্সিটি করতে চাচ্ছে এই ছেলে নিশ্চয়ই ওবায়দুল কাদেরের নাতি হবে,2,Sarcastic,banglasarc3,2,2
এতদিন বিএনপি ফেসবুক রাজনীতি করছিল এখন আওয়ামী লীগের পালা বিএনপির পক্ষ থেকে আওয়ামী লীগের জন্য গানটা আমি দিয়ে দিলাম দেখা না দিলে বন্ধু কথা কইও না,2,Sarcastic,banglasarc3,2,2
একদম সঠিক কথা বলেছেন নিজের ঘরই হতে পারে আয়নাঘর,0,Non-Sarcastic,banglasarc3,0,0
কত স্বপ্ন নিয়ে কত আয়োজনের মধ্য দিয়ে বউ ঘরে আসে অথচ,2,Sarcastic,banglasarc3,2,2
কাশেম বিন আবুবাকার বা এম ডি মুরাদের মতো লেখকেরা প্রেম ও চটুলতাকে উপজীব্য করে গ্রামের বেশ বড় একটা পাঠকগোষ্ঠীর কাছে যথেষ্ট গ্রহণযোগ্যতা লাভ করেন,1,Neutral,banglasarc3,1,1
৭৫ এর সূর্য সন্তানের মূখে সঠিক ইতিহাস শুন্তে পেরে জাতি হিসাবে আমি গর্বিত ভালোবাসা অবিরাম,0,Non-Sarcastic,banglasarc3,0,0
কন জানাব তেরা বাপ আমেরিকা,2,Sarcastic,banglasarc3,2,2
লেখাটা খুব সুন্দর ছিল ভাবিয়ে তুললো,0,Non-Sarcastic,banglasarc3,0,1
সবাই হা হা দিছে তাই আমিও কিছুই না বুঝে হা হা হা রিয়েক্ট দিলাম,2,Sarcastic,banglasarc3,2,2
ভারতের সাথে মাত্র ৫ বছর সম্পর্ক ছিন্ন থাকলে বাংলাদেশ সকল বিষয়ে স্বয়ং সম্পূর্ণ হয়ে যাবে ইনশাআল্লাহ,1,Neutral,banglasarc3,1,0
সারাদেশের মানুষ যেখানে তিতুমীর কলেজ কে বিশ্ববিদ্যালয় কনভার্টে কোনো যুক্তি দেখে না সেখানে কোন মাথা মোটা এই আবদার জানায় আল্লাহ মালুম,0,Non-Sarcastic,banglasarc3,0,0
যারা মহান মুক্তিযুদ্ধকে ভারত পাকিস্তান যুদ্ধ বলে চালিয়ে দেয় তাদের কাছে এ ছাড়া আর কি আশা করা যায়,0,Non-Sarcastic,banglasarc3,0,0
আরে এই বেটা কখনো বাংলাদেশ আসবে না বিদেশে সেটেল আর এদের ফাঁদে পড়ে উংসাহিত হয়ে যারা এইসব করতেছে এতে বরং ঐ দলের ক্ষতি না হয়ে লাভ হচ্ছে একটু ঠান্ডা মাথায় ভেবে দেইখেন,0,Non-Sarcastic,banglasarc3,0,0
বিমান ভাড়া বাংলাদেশের মতো এত ডাকাতি কোনো দেশে নেই,0,Non-Sarcastic,banglasarc3,0,0
এক বান্ধবী ৩তলায় আমি ৪তলায় তবুও দেখা হয় না,0,Non-Sarcastic,banglasarc3,0,2
এটা কি ধরনের কথা শাওন কে নিয়ে দ্বিমত থাকতে পারে তাই বলে হূমায়ন আহমেদ এর বাড়ি,0,Non-Sarcastic,banglasarc3,0,0
যার চরিত্র ভালো তারা কখনো ফেব্রুয়ারী নিয়ে মাথা ঘামায় না বিয়ে করুক বা না করুক যদিও তাড়াতাড়ি বিয়ে করে নেওয়াই উত্তম,1,Neutral,banglasarc3,1,1
আচ্ছা দিছ সমস্যা নাই,2,Sarcastic,banglasarc3,2,2
কাস্টমস অফিসার মানে চুরির টাকা দিয়ে গাল্ড ফ্রেন্ড আর বউ এর লিপিস্টিক কিনা,2,Sarcastic,banglasarc3,2,2
উনার আত্মবিশ্বাস আর লড়াই করার মানসিকতা থেকে অনেক কিছু শেখার আছে,0,Non-Sarcastic,banglasarc3,0,1
ভাই এটা বাংলাদেশ আর আমরা বাংলাদেশী নির্দিষ্ট স্থান থেকে বাসে ওঠা আমাদের চরিত্রের সঙ্গে যায়না,2,Sarcastic,banglasarc3,2,1
ডিপারমেন অফ ভংচং এ চান্স পেয়েছিল,2,Sarcastic,banglasarc3,2,2
তখন মানুষ নিজেকে হারায় ফেলে,1,Neutral,banglasarc3,1,1
এমন সুন্দর মানুষ সবার জীবনে আসুক সবার আগে আমার জীবনে আসুক,1,Neutral,banglasarc3,1,0
আশা রাখি আমরা আর আগের মতো অপদস্থ বা অপমানিত হবো না প্রবাসীরা আপনার মতো সুন্দর মানুষের হাত ধরে আলোর রশ্মি তে কালো বিড়াল গুলো বন্দী হোক আইনের খাঁচায় শুভ কামনা রইল,1,Neutral,banglasarc3,1,1
আর এদিকে চেনা পরিচিত ফ্রেন্ড দের ট্রমায় ফেলতে চাইলে আমি তাদের মেসেঞ্জারে তাদের ট্রমার কারণ হবার মত রিল পাঠাই,2,Sarcastic,banglasarc3,2,2
আর ইংরেজি শুইনা আমি নিজেই ইংরেজি ভুলে গেছি,2,Sarcastic,banglasarc3,2,2
আমি সবকিছু আগলে রাখতে জানি,1,Neutral,banglasarc3,1,1
নিজের জীবন যাত্রা ও অর্জন অন্যদের অনুপ্রাণিত করার জন্য শেয়ার করা,0,Non-Sarcastic,banglasarc3,0,0
ছোটবেলায় আমার দাদু কে বলেছিলাম আপনাদের আমলে শিক্ষক আর শিক্ষার্থীদের মধ্যে কেমন সম্পর্ক ছিল তিনি বলেছিলেন মধুর সম্পর্ক তবে আর একটা কথা বলেছিল যে এখনকার আমলে সেটা আর নাই তখন তো সেটা বুঝতাম না কিন্তু এখন বুঝতেছি আমি ভবিষ্যতে একজন আদর্শ শিক্ষক হতে চাই কিন্তু এমন হলে আর কি হব কিন্তু আল্লাহতালার ইচ্ছা থাকলে সবই সম্ভব ইনশাল্লাহ আমি ভালো কিছু করব,0,Non-Sarcastic,banglasarc3,0,1
সরকারের নি সন্দেহে অনেক ভুল আছে ফ্যাসিস্টদের গ্রেফতার হচ্ছে না মামলা বানিজ্য চলছে জামিন বানিজ্য চলছে,0,Non-Sarcastic,banglasarc3,0,0
চক্ষু শিতলকারী দৃশ্য,1,Neutral,banglasarc3,1,0
পশ্চিম বঙ্গের পিসি আর বাংলাদশের বুবু একই ধরনের মুখ খুললেই উল্টো পাল্টা বকে,2,Sarcastic,banglasarc3,2,2
কতটা নির্মম এটা মানুষ নয় অমানুষ,0,Non-Sarcastic,banglasarc3,0,0
ভাইরে গোলাপি ত বেডি মাইনসের কালার,2,Sarcastic,banglasarc3,2,2
এডিট ভালো হয় নাই নেক্সট টাইম আপনার বিরিয়ানির মাংস খেয়ে দিবে কিন্তু,2,Sarcastic,banglasarc3,2,2
অনেকদিন পর প্রিয় নেতার পোস্ট আল্লাহ আপনাকে নেক হায়াত দান করুক আমিন,2,Sarcastic,banglasarc3,2,0
এমন দেশে জন্মে নিজেকে লজ্জিত মনে করি তীব্র নিন্দা জানাচ্ছি ঐ প্রতিষ্ঠান এবং ঐ প্রতিষ্ঠানে কর্মরত সকল ব্যাক্তিকে যারা এমব জঘন্য কাজের সাথে জড়িত,0,Non-Sarcastic,banglasarc3,0,0
আমরাও একটা চাঁদ আছে আলহামদুলিল্লাহ,0,Non-Sarcastic,banglasarc3,0,0
নেত্রীদের কেউ বিয়ের পিঁড়িতে কেউ হয়নিমনে আবার কেউ বেগুন বনে ওরে ভাই ফাগুন লেগেছে বনে বনে,2,Sarcastic,banglasarc3,2,2
হুমায়ূন আহমেদ যেমন চরিত্রদের দিয়ে পেশাদারিভাবে আলোচনা করতেন আমাদের লেখাতেও এমন পদ্ধতি অনুসরণ করা উচিত,1,Neutral,banglasarc3,1,1
ফিল্ডার হিসেবে নাসিরের ধারে কাছে কেউ নাই,0,Non-Sarcastic,banglasarc3,0,2
কাজ শেষ করতে গেলে মনোযোগ এবং পরিকল্পনা দরকার আর সেগুলো ঠিক মতো করলে আসলেই কোনো কাজ অসমাপ্ত থাকে না,1,Neutral,banglasarc3,1,1
খুব ভালো বিশ্লেষণ তবে রাজনীতিতে সবসময় গেম থিওরি কাজে লাগে না,1,Neutral,banglasarc3,1,1
রেবেকা সাফি তুমি অনেক এগিয়ে যাও আমি যতদুর আমি যানি হাভাড বিশ্ব বিদ্যালয় তুমি এখন গবেষক,1,Neutral,banglasarc3,1,2
প্রিয়জনেরা অভিমান করেন আমার মানসিক পরিস্থিতি ভেবে আমার এই দূরত্ব বুঝে নেবেন জানি৷,1,Neutral,banglasarc3,1,1
এক লাইনে দাড়িয়ে সব গুলারে বাচ্চা দিয়ে ছেড়ে দিবে,2,Sarcastic,banglasarc3,2,2
কোন নির্বাচন দরকার নাই তত্ত্বাবধায়ক সরকার দিয়া বাংলাদেশ চলুক আজীবন উন্নতির দরকার নাই এসব অসুস্থ প্রতিযোগিতা বন্ধ হোক,2,Sarcastic,banglasarc3,2,0
তামিম ভাই বললো হাতুড়ি সিং এর অধীনে খেলবে না পাপন এর অধীনে খেলবে না এখনতো তারা কেউ নেই তাহলে কেনও অবসর নিলো এটা দর্শকদের সাথে পতারনা করা হইছে এত ইগো ভালো না আর সাব্বির এর সাথে ব্যাবহার টা ভালো লাগে নাই এটা সিনিয়র কোনও লিজেন্ড প্লেয়ার এর আচরণ হতে পারে না,0,Non-Sarcastic,banglasarc3,0,0
ওই জায়গার মাটিও যাতে না থাকে ইনকিলাব জিন্দাবাদ,0,Non-Sarcastic,banglasarc3,0,0
বিলিয়ন ডলার কোয়েশ্চেন,1,Neutral,banglasarc3,1,2
এতো অজ্ঞ লোক আপনি চিন্তার বাইরে ছিলো,0,Non-Sarcastic,banglasarc3,0,0
কীর্তনখোলা নদীর তীরে মোগল আমলে স্থাপিত লবণচৌকি গিরদে বন্দর কে কেন্দ্র করে এ শহর গড়ে ওঠে ও ১৮০১ সালে বরিশালে তৎকালীন বাকেরগঞ্জ জেলার সদর দপ্তর স্থাপিত হলে শহর হিসেবে এর ব্যাপক গুরুত্ব বাড়ে,1,Neutral,banglasarc3,1,1
আমি হুমায়ূন আহমেদ কে দেখিনি কিন্তু তাঁর প্রক্রিয়া করা বউকে দেখছি,2,Sarcastic,banglasarc3,2,2
প্রতিবেশীকে আগাত করে নিজেকে কখনো নিরাপদ রাখা যায় না এতটুকু না বুঝতে পারলে রাজনীতির লাইনে না আসাটাই ভালো,0,Non-Sarcastic,banglasarc3,0,0
মন্দা থেকে শুরু করে ২য় বিশ্বযুদ্ধ বেশ ভালোভাবে সামলেছেন যোগ্য একজন প্রেসিডেন্ট,1,Neutral,banglasarc3,1,1
হাসিনা আর কাদের মামুকে জাদুঘর দেখাশোনার দায়িত্ব দেয়া হক,0,Non-Sarcastic,banglasarc3,0,2
কোচবিহারে চলে এসেছে কিন্তু এখনো হাতে পাইনি,1,Neutral,banglasarc3,1,2
এত প্রতিভা তার মাঝে বিদ্যমান গভীর তদন্ত করে দেখা হোক তার কয়জন প্রেমিকা আছে যেহেতু বেচারি একাধিক রাগ ভাঙ্গাতে সক্ষম,2,Sarcastic,banglasarc3,2,2
দুঃখের বিষয় হলো বাংলাদেশে লজ্জার ভ্যাকসিন পাওয়া যায় না,2,Sarcastic,banglasarc3,2,2
মানুষের জন্য কাজ করাই চিকিৎসকের মূল দায়িত্ব তিনি সেটাই করছেন,1,Neutral,banglasarc3,1,1
বাংলাদেশের প্রতিটি এলাকায় যদি আরও নিম গাছ লাগানো হয় তাহলে পরিবেশের অনেক উপকার হবে,0,Non-Sarcastic,banglasarc3,0,1
উনার জীবনের কষ্টগুলো শুনে মনটা ভীষণ ভারী হয়ে গেল এত প্রতিকূলতার মধ্যেও উনি যেভাবে সফলতা অর্জন করেছেন তা সত্যিই দারুণ,1,Neutral,banglasarc3,1,1
ডাক্তার বলে আমার নাকি চোখের সমস্যা এখন তো সবকিছু দেখি,2,Sarcastic,banglasarc3,2,2
পাঠকজীবনের অনেকগুলো পর্যায় আঁকা সেই কার্টুনের শুরুতে দেখি শৈশবে এক পাঠক প্রেমে পড়ছে বইয়ের,1,Neutral,banglasarc3,1,1
এই সব পাগলের কারখানায় দয়া করে আমাকে ডাকবেন না ধন্যবাদ,2,Sarcastic,banglasarc3,2,2
সেদিন সানডে ছিলো তাই বোধ হয় আশেপাশে মানুষের একটু হলেও মুখ দেখা গিয়েছিলো,1,Neutral,banglasarc3,1,1
নিঃস্বার্থভাবে মানুষের সেবা করা সত্যিই বিরল গুণ,0,Non-Sarcastic,banglasarc3,0,0
শুনলাম ভারতও আওয়ামীলীগের নতুন বাপ ডোনাল্ড ট্রাম্প,2,Sarcastic,banglasarc3,2,2
পাহাড়ে তো মোগো বাড়ি পাহাড় না কাটিলে আমরা থাকমু কোথায় বুবু খুব মজায় আছেন তো পাহাড়ি এলাকার মানুষের দুঃখ কষ্ট বুঝবেন কি করে,0,Non-Sarcastic,banglasarc3,0,0
ভাই এরা৷ এতো আবেগ কই পায় বুঝতে পারি না,0,Non-Sarcastic,banglasarc3,0,2
ভন্ড নাকী ভন্ডামি করার সময় পায় না,2,Sarcastic,banglasarc3,2,0
রামমোহন রায় জীবিত থাকতেও যতসব অপবাদ পাইছে এখন মরার এত বছর পরেও এই মহিলার কারনে অপবাদ পাইতেছে,2,Sarcastic,banglasarc3,2,0
দেশে রাসুলের অপমানের বিক্ষোভ চলতেছি তাই এটা সব সরকারকে ছাল,0,Non-Sarcastic,banglasarc3,0,0
প্রকৃত দেশপ্রেমিকরা দেশে থাকে দেশের বাহিরে না উনি দেশের বাহিরে থেকে দেশকে উস্কি দিয়ে ধ্বংসের মুখে ধাবিত করছে,0,Non-Sarcastic,banglasarc3,0,0
মাস খানেক হয়ে গেলো নোভার জন্যে মন কেমন ছটফট করতেছে,1,Neutral,banglasarc3,1,2
যত গতি ততো ক্ষতি,0,Non-Sarcastic,banglasarc3,0,0
এই নোংরা খেলার অবশ্যই ব্যবসা জন্যে ভালোবাসা আস্থা বিশ্বাস শব্দ গুলো আজ মুছে যেতে যেতে বিলীন হয়ে যাচ্ছে,0,Non-Sarcastic,banglasarc3,0,0
এটা হচ্ছে হিরো আলমের সেকেন্ড কপি এদের কি কোন ভাবে চিড়িয়াখানায় বন্দী করে রাখা যায় না,2,Sarcastic,banglasarc3,2,2
সেই ছোট্ট দোকান থেকে শুরু করা পিয়াস ভাই গেলেই সুন্দর একটা হাসি দিয়ে আলাপ শুরু করতো প্রে করি সাফল্যের সর্বোচ্চ শিখরে সুমাসটেক পৌঁছে যাক,1,Neutral,banglasarc3,1,1
তুমি কি জন্য কল দিসো এই পোলাটাকে,2,Sarcastic,banglasarc3,2,2
স্যার কি এখন চোখ বন্ধ করে থাকেন নাকি এসব দেখেন না,2,Sarcastic,banglasarc3,2,2
কে কে আমার মতো ধৈর্য নিয়ে পুরাটা শুনেছেন,2,Sarcastic,banglasarc3,2,2
মনে করছিলাম আপনার রুচি অনেক ভালো মূলত আপনার মেন্টালিটি সমস্যা আছে মনে হয়,0,Non-Sarcastic,banglasarc3,0,0
যাদের প্রফেশনাল হাই কোয়ালিটি সিভি লাগবে আমাকে ইনবক্স করতে পারেন আমি একজন প্রফেশনাল হাই কোয়ালিটি সিভি ডিজাইনার আমার বছরের অভিজ্ঞতা আছে,1,Neutral,banglasarc3,1,1
ধোনি কলঙ্কিনীর চেয়ে গরিব শ্রেষ্ঠচারী অনেক শ্রেয়,0,Non-Sarcastic,banglasarc3,0,0
সাবাশ ব্যাটা আমলীগের কলিজা যতবড় মুখ নয় ততবড় কথা বলার কলিজা একমাত্র তিতুমীর কলেজের গেট পাহারাদারদের আছে,2,Sarcastic,banglasarc3,2,2
আমার কেনো জানি মনে হয় আপুর কোনো এডমিন এই পেজটা থেকে ইদানীং পোস্ট দেয় কারণ বর্তমানকার পোস্টগুলোর সাথে ওনার ব্যক্তিত্ত্বের সাথে যায় না ইদানীং প্রিসিলা আপুর পেজ থেকে ডাবল মিনিং ফানি মূলক পোস্ট প্রচুর হচ্ছে যদিও আমরা সেগুলো খুব এনজয় করছি চালিয়ে যান আপু,0,Non-Sarcastic,banglasarc3,0,0
এর আগেও দেখেছি নগর পরিবহন সবুজ রঙের বাস কয়েকদিন পরে আর নাই এখন তা দিয়ে স্টাফ বাস বানিয়েছে,0,Non-Sarcastic,banglasarc3,0,0
আমিতো ফ্যান হয়ে গেলাম আসলেই যে যত দেশ প্রেমিক হবে আমাদের ও দেশের শত্রু ভারত বিরোধীতার প্রমান দিবে আমরা এদেশকে ভালবাসি,0,Non-Sarcastic,banglasarc3,0,0
আওয়ামী লীগকে ক্ষমা করলে পৃথিবীর ইতিহাসে সব থেকে ভুল কাজ করবে বাংলাদেশ এর জনগণ,1,Neutral,banglasarc3,1,0
আমি সুইডেন থাকি এই মাসে দেশে আসবো একজন মেয়ে বন্ধু চাই,2,Sarcastic,banglasarc3,2,2
তখনই প্রশান্তি ছিল,0,Non-Sarcastic,banglasarc3,0,1
দেশের বেকারত্ব হার কমানো এবং কর্মসংস্থান সৃষ্টি করা অত্যন্ত গুরুত্বপূর্ণ,1,Neutral,banglasarc3,1,1
আমি ও এই চাঁদ কোথা থেকে উঠছে,2,Sarcastic,banglasarc3,2,2
খুজতেছি কিন্তু না করতে পারতেছি পড়ালেখা না করতে পারতেছি ইনকাম,1,Neutral,banglasarc3,1,1
একটা সময় পর এসে আমি আমার নিজের জীবনের দ্বায়িত্ব নিজেই নিলাম,1,Neutral,banglasarc3,1,1
সকল বিভাগে প্রস্তুতির জন্য প্রয়োজনীয় বইয়ের পরামর্শ দেওয়া হয়েছে অনেক কিছু শিখলাম,1,Neutral,banglasarc3,1,1
ভাই প্রেগন্যান্ট করিস না প্লিজ তোর অতীত রেকর্ড খুব খারাপ,2,Sarcastic,banglasarc3,2,2
কিন্তু ভাই নিজেকে নিজের মতো গুছাতে তো পারতেছি না,0,Non-Sarcastic,banglasarc3,0,2
মিডিয়ার স্বাধীনতা রক্ষা করা উচিত তবে দায়িত্বশীলতার সাথেও কাজ করা প্রয়োজন,1,Neutral,banglasarc3,1,1
পরিবেশ রক্ষায় আমরা যদি আরও সচেতন না হই তাহলে ভবিষ্যতে এমন আরও অনেক দানব দেখতে হবে,1,Neutral,banglasarc3,1,0
একজন এই বয়সেই চুরি শিখছে অন্য জন অশ্লীলতায় জড়ায়ছে,0,Non-Sarcastic,banglasarc3,0,2
বই পড়ে কী কী কল্পনা করেছেন,1,Neutral,banglasarc3,1,1
উপরে নিচে পাশে বার্জার জীবন রঙিন থাকুক,1,Neutral,banglasarc3,1,0
চাইলে আপনিও জিতে নিতে পারেন,2,Sarcastic,banglasarc3,2,1
এই নিউজের রিপোর্টার কি মগা নাকি শুরুতেই নাস্তিক কিভাবে বলতে পারেন,0,Non-Sarcastic,banglasarc3,0,0
মাননীয় প্রধানমন্ত্রী যন্ত্রপাতির সাথে যে সকল মানুষ অক্লান্থ পরিস্রম করেছে তাদেরকে ও যাদুঘরে সাজিয়ে রাখা হউক,0,Non-Sarcastic,banglasarc3,0,0
দেখবেন আপনিও সফল হবেন ইনশাআল্লাহ,2,Sarcastic,banglasarc3,2,1
ভূ রাজনৈতিক স্ট্র্যাটেজিতে বাংলাদেশে জঙ্গিবাদ আছে বা এদেশের মুসলিম জনগোষ্ঠি অমুসলিম বিরোধী এবং ধর্মীয়ভাবে উগ্র ইত্যাদি ন্যারেটিভ যদি কেউ সেট করতে পারে বা সেট করার চেষ্টা অনবরত করতে থাকে তাহলে সবচাইতে বেশি উপকৃত হয় কোন রাষ্ট্র,1,Neutral,banglasarc3,1,0
চেহারায় মানুষের সৌন্দর্য বৃদ্ধি পায় না বৃদ্ধি পায় তার কর্মে ও কথায় এটাই তার আসল চরিত্র,1,Neutral,banglasarc3,1,1
আপনার চোখ ধাধিয়ে যাবেন মগজ কাজ করবেনা তবুও আপনি শুধু হা করে তাকিয়ে থাকবেন,2,Sarcastic,banglasarc3,2,2
ভন্ডামি কি সহজে কেও ছাড়ে বিয়ের পর ত আরো বেশি বেশি করে,2,Sarcastic,banglasarc3,2,0
টেকা না থাকলে কিসের ভালোবাসা সবাই টাকার পাগোল তবে আপনার পোস্টের সাথে ৫ মানুষ সঠিক মিল আছে জীবনে ৫০ বছর অতিক্রমে অনেক কিছু দেখছি যতো কথাই বলুন না কেন টাকাই সব টাকা থাকলে ভালোবাসা কিনতে পাওয়া যায়,0,Non-Sarcastic,banglasarc3,0,0
দোকানদার কে আব্বা ডাইকেন ফ্রিও দিতে পারে,2,Sarcastic,banglasarc3,2,2
ওইটা প্রাণীদের ভূত,0,Non-Sarcastic,banglasarc3,0,2
আরে ভাই কাউকে ছোট করা ঠিক না বলবা ফকিন্নি,2,Sarcastic,banglasarc3,2,2
ফি আমানিল্লাহ,0,Non-Sarcastic,banglasarc3,0,1
আমি সন্দেহ করতে ভয় পাই,1,Neutral,banglasarc3,1,2
যা তোমার কখনো ছিল না,0,Non-Sarcastic,banglasarc3,0,0
শিক্ষিত হওয়া মানে নিজের কর্ম এবং আচরণে তা প্রদর্শন করা,0,Non-Sarcastic,banglasarc3,0,1
আশা করি সরকার এই পরিস্থিতি মোকাবেলা করে দেশের মানুষকে নিরাপত্তা নিশ্চিত করবে,0,Non-Sarcastic,banglasarc3,0,0
দুঃখজনক বিষয় হলো আমাদের এই সোনার বাংলাদেশ এমন প্রতিভাবান লুকিয়ে আছে কিন্তু তাদের নিয়ে কেনো সরকার কখনো কিছু করবে দূরে থাক চিন্তাও করেনি,1,Neutral,banglasarc3,1,0
আজকের রাত রেহান আহসান আবরার ফাহাদ আবু সাঈদ মুগ্ধ ওয়াসিম আসহাবুল ইয়ামীন আর ৫ ই মে র শহীদের জন্য রাহিমাহুমুল্লাহ,0,Non-Sarcastic,banglasarc3,0,1
জুলাই বিপ্লবে তার অবদান অপরসীম ছিল সে সত্যি লিজেন্ড,1,Neutral,banglasarc3,1,0
সোনামণিরা এখন থেকে বাংলাদেশ নিয়ে দুষ্টুমি কম করবা,2,Sarcastic,banglasarc3,2,2
এমন সুন্দর প্রতিযোগিতা এখন আর পাওয়া যায় না এরকম অনুস্ঠান আজ বিলুপ্ত একটি সুন্দর শাকের অভাবে আজ বাংলার মানুষ নিজেই নিজের গায়ে থুথু দেয়,1,Neutral,banglasarc3,1,0
কঠোর পরিশ্রম সবসময় সাফল্যের সঙ্গী,1,Neutral,banglasarc3,1,1
নিজেকে ব্যস্ত রাখা একটা বড় আশীর্বাদ অলস সময়ই সব সমস্যার শুরু,0,Non-Sarcastic,banglasarc3,0,1
সবার আগে ওর টাক এর চিকিৎসা দরকার,2,Sarcastic,banglasarc3,2,2
বিষয় টা খুবই দুঃখের তবুও হাসির,2,Sarcastic,banglasarc3,2,0
বাহ নামগুলো তো ভাল্লাগছে ওর বাপ দাদা চৌদ্দগুষ্ঠি মিলেও এতো সুন্দর নামগুলো রাখতে পারতো না,2,Sarcastic,banglasarc3,2,2
এটা হচ্ছে বাংলায় মথ্ মাছি এরা সাধারনত নরম স্বভাবের তবে এরা বেশি ক্ষতিকর না এরা টয়লেট বাথরুমে শোবার ঘর থাকে তবে বেশি হয়ে গেলে ঘরে মাইক্রোব্যাক্টেরিয়ার সংক্রমন দেখা দিতে পারে,1,Neutral,banglasarc3,1,1
মোহাম্মদপুরে থেকে হারিয়ে যাওয়া কোনো জিনিস এই প্রথমবারের মতো ফিরে পাওয়া গেছে ইতিহাসে রেকর্ড,2,Sarcastic,banglasarc3,2,1
ক্লাস ৫ এ থাকতে এই পড়াশোনা পাতার জন্য আব্বু বাসায় পেপার রাখছিল পড়তাম ও তবে সোমবারীর রস আলোর প্রতি অন্যরকম ঝোঁক ছিল,0,Non-Sarcastic,banglasarc3,0,1
শিশুর সঠিক চিকিৎসা নিশ্চিত করতে ডাক্তার ও নার্সদের সঙ্গে রোগীর পরিবারের মতবিনিময় অত্যন্ত গুরুত্বপূর্ণ,1,Neutral,banglasarc3,1,1
সৌদি আরব হেতের আব্বার দেশ মনে হয়,0,Non-Sarcastic,banglasarc3,0,2
আহমদ ছফা বইগুলো পাওয়া যাচ্ছে,1,Neutral,banglasarc3,1,1
দেশে এত এত মেধাবী থাকতে দেশের আমলারা বিদেশে যায় খিচুড়ি রান্না শিখতে,2,Sarcastic,banglasarc3,2,0
জানি যাদের লাং আছে তারা এই গানটি শুনে খুব কষ্ট পাবে,2,Sarcastic,banglasarc3,2,2
আরেক মলেস্টার সৈকত আব্দুল্লাহ ও আছে এই বন্দি পাঠশালায়,0,Non-Sarcastic,banglasarc3,0,2
আগামী শুক্রবার আমাদের এখানে লজ্জার টিকা দেওয়া হবে আপনি অবশ্যই উপস্থিত থাকবেন,2,Sarcastic,banglasarc3,2,2
মুজিব পালাইছে এরকম করে এ কথা মনে হয় জামাত বিএনপিও বলেনাই,2,Sarcastic,banglasarc3,2,0
গরু কোথাকার একটা প্রশ্নের উত্তর দে তুই জন্মের পর পারিপার্শিক পরিস্থিতির কারণে পথভ্রষ্ট হয়েছিস নাকি পূর্বপুরুষ থেকে পথভ্রষ্ট আমার মনে হয় তোর পূর্বপুরুষ ৭১ এর কোনো হানাদার বাহিনী কিংবা রাজাকার ছিল,0,Non-Sarcastic,banglasarc3,0,0
যাহা কপালে নাই সেই সকল বস্তুই টক জাতীয় সান্ত্বনা,2,Sarcastic,banglasarc3,2,0
সালাম জানাই তাদের,0,Non-Sarcastic,banglasarc3,0,0
এতো আবেগি পোস্ট না সুদিয়ে দেশে কর্মের ব্যবস্থা কিভাবে করা যায় সেই ব্যাপারে ভাবেন পুরো পরিবার দেশে রেখে একা একা বাইরে থাকতে কেউ ই চাই নাহ থাকতে বাধ্য হয়,0,Non-Sarcastic,banglasarc3,0,0
তুমি খাবে আমি দেখবো,2,Sarcastic,banglasarc3,2,2
এদিকে কলেজে পড়েও ঢাবির বাসে মাঝে মধ্যেই চলাচল আমি ও আমার বন্ধুগণ,2,Sarcastic,banglasarc3,2,1
হাতিয়া নাকি এখন আওয়ামী লীগের দখলে,1,Neutral,banglasarc3,1,2
কম্পিউটার ল্যাব না থাকলেতো তাই করতে হবে,1,Neutral,banglasarc3,1,2
আবেগ দিয়ে দুনিয়ায় চলে না টাই টাকা কামাও মাইয়া মানুষ থাকলে থাকবে না চলে গেলে আরেট টায় আনবে যে থাকার সে এমনেই থাকবে,1,Neutral,banglasarc3,1,0
আল্লাহ পাক আমাদের সহায় হোন,0,Non-Sarcastic,banglasarc3,0,0
এই মুভিতে ওঠিয়ে আনা মুজিবের নিহতের দৃশ্যটা দেখলে সেইটাও রিয়েলিটি বলে মাইনা নিতে হবে,2,Sarcastic,banglasarc3,2,2
কান্নাকাটির কর্মসূচি কেন সেক্স এর কর্মসূচি দে সালা জারযের দল,0,Non-Sarcastic,banglasarc3,0,0
এখানে এটা নিয়ে যারা হাসাহাসি করছেন এটা মোটেও হাসি ঠাট্টা করার বিষয় না যে ভবিষ্যতে কতটা ভয়ংকর হতে পারে এটাই তার ছোট্ট প্রমাণ,0,Non-Sarcastic,banglasarc3,0,0
ববির মাথার স্টেডিয়ামটা বোধহয় জন্মসূত্রে প্রাপ্ত,2,Sarcastic,banglasarc3,2,2
তো আর দেরি কেনো সবাই অংশগ্রহণ করুন আর পরিচিতদের মেনশন দিয়ে অংশগ্রহন করতে বলুন,1,Neutral,banglasarc3,1,2
সাংস্কৃতিক জগতের মানুষেরা রাজনীতিতে না জড়ানোটাই উত্তম তাদেরকে দেশের আপামর মানুষ ভালোবাসে,1,Neutral,banglasarc3,1,1
সময় আর সৃজনশীলতার চেয়ে আরো প্রয়োজন হলো টাকা,1,Neutral,banglasarc3,1,1
না না না আমি বিশ্বাস করিনা হেনা বাপের বাড়ির সব লুটেপুটে নিয়ে স্বামীর বাড়ি পালিয়ে গিয়েছে এই মীরজাফর হেনাকে আমরা চাই না,2,Sarcastic,banglasarc3,2,0
আল্লাহ প্রতিদিন ফজর দিয়ে শুরু করার তৌফিক দিক আমাকে আপনাকে,0,Non-Sarcastic,banglasarc3,0,1
গণহত্যার বিচার না হওয়া পর্যন্ত আওয়ামীলীগ এই দেশে কোনো রাজনৈতিক কার্যক্রম পরিচালনা করতে পারবে না,0,Non-Sarcastic,banglasarc3,0,0
সাধুবাদ জানাই এমন উদ্যোগকে,1,Neutral,banglasarc3,1,1
যারা বাজে কমেন্ট করছেন তাদেরকে বলি আপনারা কেনো নিজের মুখ নষ্ঠ করছেন কোন কুলাঙ্গার যদি পরকাল না মানে তাতে তো কারো কোন ক্ষতি হবে না মৃত্যুর পরে বাম্বু গেলে নিজেই টের পাবে কি যে মজা স্টাইল এমনিতেই ঢুকে যাবে ধন্যবাদ,0,Non-Sarcastic,banglasarc3,0,0
ফেরেশতারা সবসময় কল্যাণের জন্য প্রার্থনা করেন এবং তাদের দোয়া মানুষের জীবনে বরকত ও শান্তি আনে যখন আমরা ভালো চাই তখন ফেরেশতারা আমাদের পক্ষেও কল্যাণ কামনা করেন,1,Neutral,banglasarc3,1,1
কাজের কাজ কিছু করি না এই ব্যাপারে কিছু বলতে পারবেন,1,Neutral,banglasarc3,1,1
সবকিছু পরিকল্পিত নেগেটিভ মার্কেটিং,1,Neutral,banglasarc3,1,0
ভাই এই সব নিউজ দিয়ে জনগণের মন অন্যান্য দিক থেকে সরানোর প্রচেষ্টা এই মিডিয়ার ভাষ্যমতে এরা কারো এজেন্ট হিসেবে সাংঘাতিক হয়েগেছে,0,Non-Sarcastic,banglasarc3,0,0
থেনস সবকিছু বদলে দিল এখন কোন মুভিটা সবার আগে দেখা উচিত,1,Neutral,banglasarc3,1,1
অবস্থা কি বেশি গুরুতর ভাই,0,Non-Sarcastic,banglasarc3,0,2
সবুজ বাটন চাপলেও যদি অপরপক্ষ লাল বাটন চাপতেই থাকে তখন উপায়,1,Neutral,banglasarc3,1,1
দিছে আরেক বেডারে বাচ্চার বাপ বানাইয়া,2,Sarcastic,banglasarc3,2,2
মেয়েদের সম্মান ও মর্যাদা রক্ষা করা খুবই জরুরি যাতে তারা সঠিকভাবে নিজেদের বিকাশ করতে পারে,0,Non-Sarcastic,banglasarc3,0,1
অসাধারণ ছিলো তার প্রতিটা কথা ধন্যবাদ তবে পৃথিবীর বুকে চিরস্বরনীয় আর গুরুত্বপূর্ণ বক্তব্য তো দিয়েছিলেন সেই মানুষ যিনি কেয়ামতের পরেও তার উম্মতের জন্য লড়াই করে যাবেন তিনি হলে প্রিয় নবী হযরত মুহাম্মদ সঃ যে বক্তব্য তিনি দিয়ে গেছেন বিদায় হজ্বের ভাষনে আর যে গুরুত্বপূর্ণ বক্তব্য পৃথিবীর বুকে কেউ কখনো দিতে পারবে না,1,Neutral,banglasarc3,1,1
এ দেশের মিডিয়া গুলো কি খেয়ে বাঁচবে ভবিষ্যতে,0,Non-Sarcastic,banglasarc3,0,0
শেখ হাসিনার কারণে বঙ্গবন্ধু শেখ মুজিবুর রহমানের মানুষ আর ভালোবাসে না,0,Non-Sarcastic,banglasarc3,0,0
ক্লাসের পরিবেশ স্বাভাবিক ছিল,1,Neutral,banglasarc3,1,1
আসসালামু আলাইকুম ভালো থাকবেন খুব অভিনন্দন জানাচ্ছি,1,Neutral,banglasarc3,1,1
সঠিকভাবে লিখেছেন সেজন্য ধন্যবাদ খুব উপকার করলেন,2,Sarcastic,banglasarc3,2,1
এই হাবলা তাঁর ছেলেরে ফেমাস বানানোর জন্য নিউটনের নামের সাথে মিল রেখে ছেলের নাম রাখসে সুবর্ণ আইজ্যাক ওরফে আইজ্যাক নিউটন,0,Non-Sarcastic,banglasarc3,0,2
ডাক্তার ও নার্সদের কাজের প্রশংসা করতে এবং তাদের প্রতি শ্রদ্ধাশীল হতে রোগীর পরিবারকে উৎসাহিত করা প্রয়োজন,1,Neutral,banglasarc3,1,1
চেহারা টা দেখেন কতো ইনোসেন্ট,0,Non-Sarcastic,banglasarc3,0,2
উদাহরণস্বরূপ বলা যায় মোহাম্মদ নাজিম উদ্দিনের রবীন্দ্রনাথ এখানে কখনো খেতে আসেননি কিংবা শিবব্রত বর্মনের বানিয়ালুলুর কথা,1,Neutral,banglasarc3,1,1
এক্সিডেন্ট হওয়ার আগে থেকেই তো উনার সুস্থতার জন্য দোয়া করতেছি,2,Sarcastic,banglasarc3,2,1
রাজনীতি আর মা স্তা নি এক জিনিস নয় যারা রাজনীতি করে তারা এগিয়ে যায় আর যারা মা স্তা নি করে তারা সময়ের ব্যবধানে হারিয়ে যায়,1,Neutral,banglasarc3,1,0
পড়াশোনা সামলাই সোশ্যাল মিডিয়া সামলাই সাথে এক অপদার্থরে ও সামলাই,2,Sarcastic,banglasarc3,2,2
হুম এটা কাউকে বুঝাতে পারি না,2,Sarcastic,banglasarc3,2,2
আগামী বছরেও আমার ভাগ্য পরিবর্তন হবে না,2,Sarcastic,banglasarc3,2,2
স্তাম্বুল উপদ্বীপের সর্বপূর্ব বিন্দুটিতে অবস্থিত ইস্তাম্বুলের তোপকাপি প্রাসাদ ছিল উসমানীয় সাম্রাজ্যের শাসকদের বাসস্থান বর্তমানে এটিকে একটি জাদুঘরে পরিণত করা হয়েছে,1,Neutral,banglasarc3,1,1
চিকিৎসা ক্ষেত্রে গবেষণা করে ডাক্তার রোগীর সম্পর্কের সমস্যাগুলো চিহ্নিত করা এবং সমাধান বের করা যেতে পারে,1,Neutral,banglasarc3,1,1
উনি খ্রিস্ট ধর্ম প্রচারের জন্য এসেছিলেন এবং নিজের লক্ষ্যে ঠিক থাকার জন্য যা যা প্রয়োজন সব করেছিলেন বুদ্ধিমতি মহিলা,0,Non-Sarcastic,banglasarc3,0,1
এই সিদ্ধান্ত সংশোধন করা এবং যথাযথ বিচার নিশ্চিত করা এখন সময়ের দাবি কারণ রাষ্ট্রের দেওয়া প্রতিশ্রুতি রক্ষা করা রাষ্ট্রেরই দায়িত্ব,1,Neutral,banglasarc3,1,1
দাদা দের বলে দিও আমাদের বিশ্বচ্যাম্পিয়ন হতে ১৮ বছর বয়সী ও হতে লাগবেনা,2,Sarcastic,banglasarc3,2,2
খুবই গুরুত্বপূর্ণ নিউজ,0,Non-Sarcastic,banglasarc3,0,1
সম্পর্কের ভবিষ্যৎ নির্ধারণে যৌথ সিদ্ধান্ত নেওয়ার জন্য সহানুভূতিশীল আলোচনা করা গুরুত্বপূর্ণ,0,Non-Sarcastic,banglasarc3,0,1
ছবি তো মিলে না গাঁজা খেয়ে পোস্ট করো নাকি তোমরা,2,Sarcastic,banglasarc3,2,2
অবশ্য যারা বিজেপি কে সবকা সাথ সবকা বিকাশ মনে করেন তাদের জন্য আমার এই আর্টিকেল নয়,0,Non-Sarcastic,banglasarc3,0,0
এর কি এটা ভাবা উচিৎ নাকি দেশের উন্নতি পরিকল্পনা করা এবং সেটা বাস্তবায়ন করা উচিৎ সব পোস্টই তো হাস্যকর এবং বিবেক বর্জিত,0,Non-Sarcastic,banglasarc3,0,0
আমাদের এখানে চায়ের দোকানে সেটাই বলা হয়ে ছিলো একটুখানি বাচ্চা মেয়ে কতো সুন্দর ইংরেজি বলে,1,Neutral,banglasarc3,1,1
ড ইউনূসের হাত ধরেই এই বাংলাদেশ বিশ্বের বুকে মাথা উঁচু করে দাঁড়াবে ইনশাআল্লাহ,1,Neutral,banglasarc3,1,0
আপনারা এত বুদ্ধি নিয়ে ঘুমান কেমনে ভাই,2,Sarcastic,banglasarc3,2,2
প্রযুক্তি ও বিজ্ঞান বিষয়ক লেখার ক্ষেত্রে সতর্কতা অবলম্বন করা উচিত যেন কোন ভুল তথ্য না পৌঁছায়,1,Neutral,banglasarc3,1,1
বাঙালিয়ানা ভোজ চট্টগ্রাম কবে আসছে,1,Neutral,banglasarc3,1,2
বাহ বাংলার ফেইসবুক সমাজ আরও একজনকে বাজে অকথ্য অশ্লীল ভাষায় গালিগালাজ করার মাধ্যমে ধর্ম এর পথে ফিরিয়ে নিয়ে এসেছে আলহামদুলিল্লাহ,0,Non-Sarcastic,banglasarc3,0,0
খুচরা পয়সা পড়ে থাকতে দেখে ঐ টা টোকায়ে নিচ্ছে,2,Sarcastic,banglasarc3,2,2
রাজনৈতিক দলগুলোর মাঝে সত্যিকারের আস্থার অভাব কি সবচেয়ে বড় সমস্যা,1,Neutral,banglasarc3,1,1
তৎকালীন মোঙ্গল সাম্রাজ্যের ব্যাখ্যা সহ বর্তমান মোঙ্গলদের অবস্থান মানে মোঙ্গল বংশভূত সকল মানুষদের এবং তাদের একজ্যাক্ট সংখ্যা এর বিষয়টাও যোগ করবেন,1,Neutral,banglasarc3,1,1
খুব ধৈয্য নিয়ে পুরো ইন্টারভিউ দেখা শেষ করলাম বুঝলাম পৃথিবীতে সেই মানুষ সবচেয়ে সুখী যার কোনো লজ্জা শরম নাই,2,Sarcastic,banglasarc3,2,1
সবাই সবকিছু জানে না অনেক সময় অনেক কিছু বুঝে ওঠা কঠিন হয়ে পড়ে,1,Neutral,banglasarc3,1,1
আপনি পাবেন আপনার সকল ধরনের প্রশ্নের সহজ ও প্র্যাকটিক্যাল উত্তর,1,Neutral,banglasarc3,1,1
এই অন্তর্বর্তীকালীন সরকার নাকি শান্তিতে নোবেল পেয়েছে কিন্তু দেশেই তো কোন শান্তি আনতে পারছে না,0,Non-Sarcastic,banglasarc3,0,0
অসাধারণ সুন্দর লাগছে ফরহাদ মাজাহারের আলোচনা সব সময় জ্ঞানগর্ভ হয়,1,Neutral,banglasarc3,1,1
লজ্জা শরম বলতে যদি আর কোন কিছু থাকত তাইলে এসব স্ট্যাটাস দিতি না পুরো একটা দেশ কে ব্যার্থ রাষ্ট্রের তকমা লাগাচ্ছস পাকিস্তান এর মত আমরাও কি ভিক্ষা করেই চলব তোদের এসব ফাত্রামি কবে বন্ধ হবে,0,Non-Sarcastic,banglasarc3,0,0
বইমেলা শেষের ঘণ্টা পড়েছে,1,Neutral,banglasarc3,1,1
সম্পদ বিত্ত বৈভব কখনোই পরিবারে শান্তি আনে না যদি না সঠিক মূল্যবোধ থাকে,1,Neutral,banglasarc3,1,1
প্লেসমেন্ট ই কিন্তু চুড়ান্ত সাফল্য,2,Sarcastic,banglasarc3,2,1
এই রকম একটা গার্লফ্রেন্ড আমারো হোক,2,Sarcastic,banglasarc3,2,2
আসুন দেখি যুবক যুবতীদের কিভাবে সোশ্যাল মিডিয়ার অশ্লীলতা থেকে বাঁচিয়ে রাখা যায়,1,Neutral,banglasarc3,1,0
ভাই গালিগুলা মন মত হয়েছে,2,Sarcastic,banglasarc3,2,2
স্থান কাল পাত্র বেদে নিজেকে পরিবর্তন করতে হয় যা তিনি করেছেন,0,Non-Sarcastic,banglasarc3,0,1
বড় কোম্পানিগুলোর অনৈতিক আচরণ স্টার্টআপের জন্য ক্ষতিকারক হতে পারে,1,Neutral,banglasarc3,1,0
জুনিয়রগুলা ভালই নাচে নিয়ে যা,0,Non-Sarcastic,banglasarc3,0,2
যদি প্রসাশন মনেকরে বিএনপির কথা মত সব করতে হবে তাহলে নির্বাচনের কি দরকার বিএনপি কে ক্ষমতা দিয়েদিলে হয়,0,Non-Sarcastic,banglasarc3,0,0
আমরা এমন এক জাতি যারা কিনা আজকে মত উত্তম রাত্রের ইবাদত বাদ দিয়ে নাজিরাবাজারে খাইতে যায়,1,Neutral,banglasarc3,1,2
কলকাতার স্লোগান জয় বাংলা আওয়ামিলীগের স্লোগানও জয় বাংলা আওয়ামিলীগ কখনো জয় বাংলাদেশ বলে না আওয়ামিলীগ সোনার বাংলা বলে কিন্তু সোনার বাংলাদেশ বলে না বাংলাদেশ শব্দ বলতে তাদের সমস্যা কোথায় রহস্যময়,0,Non-Sarcastic,banglasarc3,0,0
যেন নিয়ম সবাই মেনে চলে ওই দিকে প্রশাসনের নজর দেওয়া উচিত,1,Neutral,banglasarc3,1,0
সেটা বড় কথা নয় আপনি জানলেন কীভাবে সেটা বলেন,2,Sarcastic,banglasarc3,2,1
মস্তিষ্কের প্রত্যেকটা নিউরন অনুরিত হলো অসাধারণ বাগ্মিতা,1,Neutral,banglasarc3,1,1
অসাধারণ আমাদের উপদেষ্টাদের থেকে আমরা এমন শক্ত পদক্ষেপই আশা করছিলাম আওয়ামী লীগ নিষিদ্ধ এবং ওদের কর্মীদের পুলিশ লীগ আমলা লীগসহ ওপর দ্রুত ক্র ্যাকডাউন চাই,0,Non-Sarcastic,banglasarc3,0,0
তরুণ পাঠকদের একটা বড় অংশ আজকাল ইংরেজিমাধ্যম পড়ুয়া ফলে নীলক্ষেতে তুমুল জনপ্রিয় হয়ে উঠেছে ইংরেজি ইয়ং অ্যাডাল্ট ঘরানার বইগুলো,1,Neutral,banglasarc3,1,1
আমরা নিরাপরাধ ভাইদের মুক্তি দাবি করছি,1,Neutral,banglasarc3,1,2
ভাই কোন সন্তান অ ন্যায় করলে বাংলাদেশে বাবাকে টেনে এনে অপ মান করে এটা দেশের সংস্কৃতি বাস্তবতা সামাজিকতা আমাদের মনমানষিকতা আমি চাই এর পরিবর্তন হউক বঙ্গবন্ধু আবার ফিরে আসুক হাসিনা রেহেনা জয় সহ সবাই দেশে আসুক দেশের মানুষ ভাল না এভাবে সবার ঘর বাড়ি খালি পরে থাকলে কে পাহারা দিবে ভাই যার যার বাড়িতে সে ফিরে আসুক,0,Non-Sarcastic,banglasarc3,0,0
অপারেশন শুরুর আগেই সমস্ত নিয়মিত বাঙালি ইউনিটকে একসাথে নীরস্ত্র করার অনুমতি দেননি জেনারেল হামিদ ফলে পাকিস্তানি নেতৃত্ব অন্যান্য উপায় বাঙালি ইউনিটগুলোর সম্ভাব্য হুমকি নিয়ন্ত্রণের ব্যবস্থা করে,1,Neutral,banglasarc3,1,1
আপনাদের মতো একজন শিক্ষক ও ডাক্তার শত আলেমের চেয়ে বেশি কিছু দিতে পারেন,1,Neutral,banglasarc3,1,0
বিম্পি তো নির্বাচন নির্বাচন জিকির তুলে সবসময় সরকারকে নাজেহাল করার চেস্টা করেছে,0,Non-Sarcastic,banglasarc3,0,0
এক ফ্যাসিবাদ ভারত গেছে আরেক ফ্যাসিবাদ জন্মের অপেক্ষায় আছে,0,Non-Sarcastic,banglasarc3,0,0
মুক্তাগাছা রাজবাড়ী তো সুরক্ষিত শেষবার সংস্কারের পর এখন আরো বেশি সুন্দর হয়েছে,1,Neutral,banglasarc3,1,1
আমার লাইফেও এমন কেও আজ প্রজনত আসে নাই,2,Sarcastic,banglasarc3,2,2
অভিভাবকদের উচিত সন্তানদের প্রতি আরও যত্নশীল হওয়া,1,Neutral,banglasarc3,1,1
এই নুংড়া মহিলার কাছে বাংলাদেশ আটকা পরেছিল কতটা রুচিহীন আমরা,0,Non-Sarcastic,banglasarc3,0,0
বাগানের জায়গা ছোট হলেও সঠিক পরিচর্যা করলে গাছ ভালো ফল দিতে পারে,1,Neutral,banglasarc3,1,1
মাশাআল্লাহ অভিনন্দন ভাইয়া,0,Non-Sarcastic,banglasarc3,0,0
ছোট্ট এই দেশের বিশাল দক্ষতার প্রমান বারবার বিশ্বকে চমকে দিচ্ছে মেইড ইন বাংলাদেশ ফোরেভার,1,Neutral,banglasarc3,1,1
মায়েরা মরে না মৃত্যুসম যন্ত্রণা নিয়ে বেঁচে থাকে চিরকাল,1,Neutral,banglasarc3,1,1
এই একটা নিউজের কারনে পেইজটা আনফলো করে দিলাম,2,Sarcastic,banglasarc3,2,2
গোলাপফুল টক কারণ এতে প্রচুর ভিটামিন সি আছে,0,Non-Sarcastic,banglasarc3,0,1
বড়ই দুঃখজনক ছেলেদের কে বুঝিয়ে কোনো লাভ হয় না,0,Non-Sarcastic,banglasarc3,0,0
চীনের একজন বিখ্যাত দার্শনিক বলেছিলেন চেং চিং ফু চাং কে চেং চা অর্থাৎ যে বাল তুমি ছিড়তে পারবেনা সেই বাল তুমি টানতে যেও না,2,Sarcastic,banglasarc3,2,1
রাষ্ট্রনায়কদের সিদ্ধান্ত ও তাদের প্রভাব নিয়ে সবসময় আলোচনা হওয়া উচিত,1,Neutral,banglasarc3,1,1
সরকারকে পরামর্শ দিন সংস্কার কাজে সহোযোগিতা করুন সংস্কার শেষেই ৫ বছর পরে নির্বাচন হবে,1,Neutral,banglasarc3,1,1
মার্চ ফর ডেমোক্রেসিতে পতাকা যুক্ত বাঁশের লাঠি নিয়ে আসতে কেউ ভুল করবেন না গর্জে উঠো বাঙ্গালী খুনি হাসিনার এই বাংলার মাটিতে আর ঠাই নাই,0,Non-Sarcastic,banglasarc3,0,0
এদের সম্পর্কে বিস্তারিত কেউ জানেন এরা কি ব্যান্ড নাকি সোলো গায়,1,Neutral,banglasarc3,1,2
যে অবস্থা শুরু হয়ছে পুলাপাইনরে একটা রকেট ভাড়া করে দিলে বঙ্গবন্ধু স্যাটেলাইটও ভেঙে চলে আসবে শিউর,2,Sarcastic,banglasarc3,2,2
নারী কর্মকর্তা রা পুরুষের তুলনায় সৎ ও একনিষ্ঠ হয়,0,Non-Sarcastic,banglasarc3,0,1
অর্জুনকে নিয়ে সমালোচনা করার বদলে ওকে উৎসাহ দেওয়া উচিত সবার জীবনে উত্থান পতন থাকে সময় সব ঠিক করে দেবে,1,Neutral,banglasarc3,1,0
মানুষ নাকি বাক স্বাধীনতা ফিরে পেয়েছে এই হলো আপনাদের বাক স্বাধীনতা,0,Non-Sarcastic,banglasarc3,0,0
উপজাতির বাচ্চারা সব খায়,0,Non-Sarcastic,banglasarc3,0,2
প্রচ্ছদ ডিজাইন করতে হবে ডিজিটাল পদ্ধতিতে অর্থাৎ মোবাইল বা পিসির মাধ্যমে হাতে তৈরি করা আঁকা প্রচ্ছদ এই প্রতিযোগিতার জন্য গ্রহণযোগ্য নয়,1,Neutral,banglasarc3,1,1
আমার বরের মতো ঠিক,2,Sarcastic,banglasarc3,2,2
এই নে আম্নে গো কলেজের দৃশ্য,0,Non-Sarcastic,banglasarc3,0,2
১০০ বছর অপেক্ষা করতে হবে,2,Sarcastic,banglasarc3,2,2
আমার পরিচিত একজন ৪ ৫ জনের সঙ্গে তার জীবনে এভাবে হাত ধরে ছবি তুলেছে,2,Sarcastic,banglasarc3,2,2
তবুও মানুষিই সেরা অমানুষ তো পাপে ঘেরা,1,Neutral,banglasarc3,1,0
ইসকন প্রচার করে ভারতীয় ধর্মীয় ও সাংস্কৃতিক মূল্যবোধ অন্যদিকে বিজেপি প্রচার করে ভারতীয় উগ্র জাতীয়তাবাদ এবং এক ধরণের ধর্মীয় রক্ষণশীলতা,0,Non-Sarcastic,banglasarc3,0,1
আমার ওয়েলেটে প্রতি মাসে সেলারি ডুকে হয়তো কারো ছবি থাকলে আরও বেশি ডুকতো কেউ থাকলে আইসো তোমার ছবি রাখবোনে ওয়ালেটে,2,Sarcastic,banglasarc3,2,2
নিম গাছের অর্থনৈতিক দিকটা আরও বিশদে জানা দরকার,1,Neutral,banglasarc3,1,1
এই তুই পাড়ার বেইশা পাড়ায় যা ইনকাম ভালো হইবে,0,Non-Sarcastic,banglasarc3,0,2
আসলে শরষের ভিতরেই ভূত সরকার নিজের স্বার্থ হাসিল করতে গিয়ে নিজেদের জালে আটকে গেছে মানুষ নিজের বিবেকের তাড়নায় সত্য কথা বললেই সরকারের সমালোচনা করলে রাষ্ট্রদোহী মামলা করা হয় আর প্রিয়া সাহার খুটির জোর আসল কোথায় থেকে যেখানে এতো বড় অপরাধ করার পরে ও আদালত মামলা না নিয়ে খারিজ করে দেয় এটা বোঝার বিষয়,0,Non-Sarcastic,banglasarc3,0,0
বিষাক্ত আওয়াজটা না শুনার ইচ্ছা এগুলো প্রচার থেকে সাংবাদিকদের বিরত থাকার আহবান,0,Non-Sarcastic,banglasarc3,0,0
কি পরিমান পাপ করলে এসব নিউজ সামনে আসে,0,Non-Sarcastic,banglasarc3,0,2
মনুষের মনুষ্যত্ব কতটা নিচে গেছে,0,Non-Sarcastic,banglasarc3,0,0
আপনার কথায় পুরোপুরি একমত মানুষের মধ্যে সহযোগিতার ভাবনা থাকা উচিত,0,Non-Sarcastic,banglasarc3,0,1
কম্বল এর লম্বা দিক টাই পাই না আর আমি নাকি জীবন এ সঠিক মানুষ পামু,2,Sarcastic,banglasarc3,2,2
